1 1 1 1 0 1 0 0 1 0 0 1 0 1 0 0 0 0 0 0 0 0 0 0 0 0 1 1 0 0 1 1 0 0 1 1 1 1 1 1 1 1 1 0 1 1 1 1 0 -99 -99 -99 -99 -99 1 0 0 0
1 2 1 1 0 1 0 1 1 1 1 1 0 1 0 0 0 0 0 0 0 0 0 0 0 0 1 0 0 0 0 1 0 0 1 1 1 1 1 1 1 1 1 1 1 0 0 0 0 1 0 0 0 1 0 1 1 0
1 3 1 1 0 1 0 1 1 0 0 1 0 1 0 0 0 0 0 0 0 0 0 0 0 0 0 1 1 0 1 0 0 0 1 1 1 1 1 1 1 1 1 1 1 1 0 1 0 0 0 0 1 0 1 0 0 1
1 4 1 1 0 1 0 0 1 0 0 -99 -99 -99 0 0 0 0 0 0 0 0 1 0 0 0 0 1 0 1 0 -99 -99 -99 0 1 1 1 0 1 1 1 1 1 1 1 0 -99 -99 -99 -99 -99 -99 -99 1 0 1 1
1 5 1 1 1 1 1 1 1 1 1 1 1 1 0 0 0 0 0 0 0 0 0 0 0 0 0 0 1 0 0 0 1 1 1 1 1 1 1 1 1 1 0 1 1 1 1 0 1 0 1 0 1 0 0 1 1 0
1 7 1 1 1 1 1 1 1 1 1 1 1 0 0 0 0 0 0 0 -99 -99 0 0 0 1 0 0 0 0 0 0 0 0 1 1 1 1 1 1 1 1 0 1 1 1 1 0 1 0 1 0 0 0 0 0 1 0
1 8 0 0 -99 -99 -99 -99 -99 -99 -99 -99 -99 -99 0 0 0 0 0 0 0 0 0 1 -99 -99 -99 -99 -99 -99 -99 -99 -99 -99 1 1 1 1 1 1 1 1 1 1 1 1 1 0 0 0 1 1 0 0 0 1 1 0
1 9 1 0 1 1 1 1 1 1 1 1 1 1 0 0 0 0 0 0 0 0 0 0 0 1 0 0 0 0 0 0 1 0 1 1 1 1 0 1 1 0 1 1 1 1 1 0 1 0 1 0 0 0 0 1 1 0
1 10 1 1 1 1 1 0 0 1 1 0 1 0 0 0 0 0 0 0 0 0 0 1 1 1 0 1 0 0 1 0 0 0 1 1 1 1 1 1 1 1 0 1 1 1 1 0 0 0 1 1 0 0 0 1 1 0
1 11 1 0 1 1 1 1 1 1 1 1 1 0 0 0 0 0 0 0 0 0 0 0 0 0 0 1 0 1 0 0 0 0 0 1 1 1 1 1 0 1 0 1 1 1 1 0 0 0 1 -99 -99 -99 0 1 1 0
1 12 1 1 0 0 0 1 1 1 0 -99 -99 -99 1 0 0 0 0 0 0 0 0 1 1 0 0 0 0 0 -99 -99 -99 -99 0 1 1 1 1 1 1 1 0 1 1 0 1 0 1 0 1 1 0 0 0 1 1 0
1 13 0 0 1 -99 -99 -99 -99 -99 -99 -99 -99 -99 0 0 0 0 0 1 0 0 0 0 0 -99 -99 -99 -99 -99 -99 -99 -99 -99 1 1 1 1 1 1 1 1 1 1 1 1 -99 -99 -99 -99 -99 -99 -99 -99 0 -99 -99 -99
1 14 1 1 0 1 1 1 0 1 0 1 1 0 0 0 0 0 0 0 0 0 0 1 1 1 0 1 0 0 0 1 1 0 0 0 1 1 1 1 1 1 0 1 1 1 1 0 1 1 1 1 0 1 0 1 1 0
2 1 1 1 1 1 1 1 1 1 1 1 1 1 0 1 0 0 0 0 0 0 1 1 1 1 1 1 1 1 1 1 1 1 1 1 0 1 1 0 1 1 1 1 1 1 1 1 1 0 1 0 1 0 0 0 1 0
2 2 1 1 1 1 1 1 1 1 1 1 1 1 0 0 0 0 0 0 0 0 1 1 1 1 1 0 0 1 0 1 1 1 1 1 1 1 1 1 1 1 1 0 1 1 1 1 0 0 0 0 0 0 0 0 1 0
2 3 1 1 1 1 1 1 1 1 1 1 1 1 1 0 0 0 0 0 0 0 1 1 1 1 1 1 1 0 1 1 1 1 1 1 1 0 0 1 1 1 1 0 1 0 0 1 0 0 1 0 0 0 0 0 1 0
2 4 1 1 1 1 1 1 1 1 1 1 1 1 0 0 0 0 0 0 0 0 1 1 1 1 1 1 1 1 1 1 1 1 1 1 0 1 1 1 1 1 1 1 1 1 0 1 0 0 0 0 1 0 1 1 1 1
2 5 1 1 1 1 1 1 1 1 1 1 1 1 0 0 0 0 0 0 0 0 1 1 1 1 1 1 0 0 1 1 1 0 1 0 1 0 1 1 1 1 1 1 1 1 0 0 0 0 0 0 0 0 1 0 0 1
2 7 1 1 1 1 1 1 1 1 1 1 1 1 0 0 0 0 0 0 0 0 1 1 1 1 0 1 1 1 1 1 0 1 1 1 1 1 1 0 1 1 1 1 1 0 0 0 0 0 0 0 0 0 1 0 1 0
2 8 1 1 1 1 1 1 1 1 1 1 1 1 0 1 0 0 0 0 0 1 1 1 1 1 1 1 1 1 1 1 1 1 1 0 1 1 1 1 1 1 1 1 0 1 1 0 0 0 0 0 0 0 0 0 1 1
2 9 1 1 1 1 1 1 1 1 1 1 1 1 1 0 0 0 0 1 0 0 1 1 1 1 1 1 1 1 1 1 1 1 1 1 1 1 1 0 1 1 0 1 1 0 0 1 0 0 0 0 0 -99 0 0 1 1
2 10 1 1 1 1 1 1 1 1 1 1 1 1 0 0 0 0 0 1 0 0 1 1 1 1 1 1 1 1 1 1 1 1 1 0 1 0 1 1 1 1 0 1 1 1 1 0 1 0 1 0 1 0 0 0 1 0
2 11 1 1 1 1 1 1 1 1 1 1 1 1 0 0 0 0 0 0 0 0 1 1 1 1 1 1 1 1 1 1 1 1 1 1 1 1 1 1 1 1 1 1 0 1 1 0 0 0 0 0 1 0 0 0 1 1
2 12 1 1 1 1 1 1 1 1 1 1 1 1 0 0 0 0 0 0 0 0 1 1 1 1 1 1 1 1 1 1 1 1 1 1 1 1 1 1 1 1 1 1 1 1 1 0 0 0 0 0 0 0 0 0 1 1
2 13 1 1 1 1 1 1 1 1 1 1 1 1 1 0 0 0 0 0 0 0 1 1 1 1 1 1 1 1 1 1 1 1 1 1 1 1 1 1 1 1 1 1 1 1 0 1 1 0 1 0 0 0 0 0 1 1
2 14 1 1 1 1 1 1 1 1 1 1 1 1 1 0 0 0 0 0 0 0 1 1 1 1 1 1 1 1 1 0 1 1 0 1 1 0 1 1 1 1 1 1 0 1 0 0 0 0 1 0 0 0 0 1 1 1
3 1 1 1 1 0 1 1 1 1 1 1 1 1 0 0 0 0 -99 -99 -99 -99 1 0 0 0 1 0 1 0 0 1 0 1 -99 -99 -99 -99 -99 -99 -99 -99 -99 -99 -99 -99 -99 -99 -99 -99 -99 -99 -99 -99 -99 -99 -99 -99
3 2 1 0 1 0 1 1 1 0 1 1 1 0 0 0 0 0 0 0 0 0 0 0 1 1 0 0 1 0 0 0 1 1 0 1 0 0 1 1 1 1 0 1 1 1 0 1 0 0 0 0 1 0 1 1 1 1
3 3 1 0 1 1 1 1 1 1 1 0 1 1 1 0 0 0 0 0 0 0 0 1 1 0 0 1 0 0 0 0 0 0 0 1 1 1 0 0 0 1 1 1 1 1 0 1 0 0 0 0 0 0 1 0 0 1
3 4 1 1 1 1 0 1 1 1 1 1 1 1 1 1 0 0 0 1 -99 -99 1 0 0 0 0 0 0 0 0 1 0 0 1 0 0 0 1 1 1 1 0 0 1 0 0 0 1 0 0 0 0 -99 1 0 0 1
3 5 1 1 1 1 0 0 1 1 1 1 1 1 1 0 0 0 0 0 0 0 1 0 0 0 0 0 0 1 1 0 0 0 0 0 0 0 0 1 0 0 1 1 1 1 0 1 1 0 0 0 1 0 0 0 0 1
3 6 1 1 1 1 1 1 0 1 1 0 1 0 1 0 1 0 0 0 0 0 0 0 0 1 0 0 1 0 0 0 1 1 1 1 0 0 0 1 1 0 1 0 0 0 1 1 1 0 0 0 1 0 0 0 0 1
3 7 0 0 1 0 1 1 0 1 1 0 0 1 1 1 0 1 0 0 0 0 0 1 0 1 0 0 1 0 0 0 1 1 1 1 1 1 0 0 1 0 0 1 0 0 1 1 1 0 1 0 1 0 0 0 1 1
3 8 0 1 1 1 1 1 1 0 1 0 1 0 0 0 0 0 -99 -99 -99 -99 0 1 1 1 0 0 0 0 0 0 1 0 -99 -99 -99 -99 -99 -99 -99 -99 -99 -99 -99 -99 -99 -99 -99 -99 -99 -99 -99 -99 -99 -99 -99 -99
3 9 0 0 0 1 1 1 1 0 1 1 1 1 0 0 1 0 0 1 0 0 0 0 1 0 0 1 0 0 0 0 1 1 1 0 1 1 1 1 1 0 0 0 1 0 1 1 1 0 1 0 1 0 0 0 1 1
3 10 0 1 0 1 1 1 0 1 1 1 1 1 1 1 0 0 1 1 0 0 0 0 0 1 0 0 0 0 0 0 0 0 0 1 1 1 0 1 1 1 1 1 0 0 1 1 0 0 1 0 0 0 0 0 1 1
3 11 1 0 1 0 1 1 1 0 1 1 0 0 0 0 0 1 0 0 0 0 0 0 0 0 0 0 1 1 0 0 1 0 1 1 0 1 0 0 0 0 0 1 1 0 1 1 1 0 1 0 0 0 0 1 1 0
3 12 0 1 1 1 1 1 1 1 1 0 1 0 0 0 0 0 0 0 0 0 0 1 0 1 0 0 0 0 0 0 0 0 1 1 1 1 0 1 1 0 0 0 0 1 1 0 0 0 1 0 1 0 0 1 1 1
3 13 0 0 1 1 0 1 1 0 1 1 0 1 1 0 0 0 0 0 0 0 0 1 0 0 1 1 1 0 0 1 0 1 1 0 0 1 1 1 1 0 0 0 1 1 1 0 1 0 1 0 0 0 0 1 1 0
3 14 0 1 1 0 0 1 1 0 1 1 1 1 0 0 0 1 0 0 0 0 0 0 1 0 1 1 0 1 0 0 0 0 0 1 0 1 0 1 1 0 0 1 1 0 1 0 0 0 1 0 0 0 0 0 1 0
4 3 1 0 1 0 0 1 0 1 0 0 0 0 1 1 1 1 1 1 -99 -99 1 0 1 1 0 0 1 0 0 0 1 1 1 1 0 1 0 -99 -99 -99 -99 -99 -99 -99 -99 -99 -99 -99 -99 -99 -99 -99 -99 -99 -99 -99
4 5 0 0 1 0 1 1 0 1 1 0 0 0 1 1 1 1 1 1 -99 -99 0 1 1 1 0 0 1 0 0 0 1 1 0 1 1 1 1 1 1 1 0 -99 -99 -99 -99 -99 -99 -99 -99 -99 -99 -99 -99 -99 -99 -99
4 6 0 0 1 0 1 1 0 1 1 0 1 -99 1 1 -99 -99 0 1 -99 -99 1 1 1 1 0 0 1 0 0 0 1 -99 1 1 1 1 0 -99 -99 -99 -99 -99 -99 -99 -99 -99 -99 -99 -99 -99 -99 -99 -99 -99 -99 -99
4 7 0 0 -99 -99 -99 -99 -99 -99 -99 -99 -99 -99 0 1 -99 -99 1 1 -99 -99 0 1 1 -99 -99 -99 -99 -99 -99 -99 -99 -99 1 -99 -99 -99 -99 -99 -99 -99 -99 -99 -99 -99 -99 -99 -99 -99 -99 -99 -99 -99 -99 -99 -99 -99
4 8 0 1 1 0 1 1 0 1 1 0 0 0 0 0 -99 -99 -99 -99 -99 -99 1 0 0 1 0 0 1 0 0 0 1 0 -99 -99 -99 -99 -99 -99 -99 -99 -99 -99 -99 -99 -99 -99 -99 -99 -99 -99 -99 -99 -99 -99 -99 -99
4 10 0 0 1 1 1 1 1 1 1 0 1 0 1 1 0 0 0 0 0 0 0 1 1 0 0 0 1 0 0 0 1 1 1 1 0 1 1 0 0 0 1 1 1 0 1 0 0 0 0 0 0 0 1 1 1 0
4 11 0 1 1 1 1 1 1 1 1 1 1 1 1 1 0 1 1 0 0 0 0 1 0 0 0 1 0 0 0 0 0 0 1 1 0 1 1 0 1 0 1 1 0 0 0 0 0 0 0 0 0 0 1 1 0 1
4 12 1 1 0 1 0 1 1 1 1 1 1 1 1 0 0 1 0 1 0 0 0 0 0 1 0 0 1 0 0 0 1 0 0 1 0 1 1 1 1 1 1 1 1 1 0 0 0 0 0 1 0 0 1 1 1 0
4 13 1 1 1 1 1 0 1 0 1 0 0 1 0 0 0 0 0 1 0 0 0 0 0 1 1 0 1 0 0 1 0 1 0 0 1 0 1 0 1 1 1 1 1 1 0 0 0 0 0 1 0 0 0 1 1 1
4 14 1 1 0 1 0 0 1 0 0 1 1 1 0 0 0 0 1 0 0 1 1 0 0 0 1 1 0 1 1 1 0 0 0 1 1 0 1 1 1 1 1 0 1 1 0 0 0 0 1 1 0 0 0 1 0 0
5 3 1 1 1 1 1 1 1 1 1 1 1 1 0 0 0 0 0 0 -99 -99 0 0 0 0 1 0 1 0 0 1 0 0 0 -99 -99 -99 -99 -99 -99 -99 -99 -99 -99 -99 -99 -99 -99 -99 -99 -99 -99 -99 -99 -99 -99 -99
5 7 1 1 1 1 -99 -99 -99 -99 -99 -99 -99 -99 0 0 -99 -99 0 0 0 0 0 0 0 1 0 -99 -99 -99 -99 -99 -99 -99 1 1 0 1 0 1 1 0 0 1 0 0 1 0 0 0 1 0 0 0 0 1 1 0
5 8 1 1 1 0 1 1 1 1 1 1 1 1 0 0 0 0 0 0 -99 -99 1 1 1 1 0 0 1 0 0 0 0 1 -99 -99 -99 -99 -99 -99 -99 -99 -99 -99 -99 -99 -99 -99 -99 -99 -99 -99 -99 -99 -99 -99 -99 -99
5 9 1 1 1 -99 -99 -99 -99 -99 -99 -99 -99 -99 0 0 -99 -99 0 0 -99 -99 1 0 0 -99 -99 -99 -99 -99 -99 -99 -99 -99 1 1 -99 -99 -99 -99 -99 -99 -99 -99 -99 -99 -99 -99 -99 -99 -99 -99 -99 -99 -99 -99 -99 -99
5 10 1 1 1 1 1 1 1 1 1 1 1 0 0 0 0 0 0 0 -99 -99 0 0 0 0 0 0 0 0 0 0 1 0 -99 -99 -99 -99 -99 -99 -99 -99 -99 -99 -99 -99 -99 -99 -99 -99 -99 -99 -99 -99 -99 -99 -99 -99
5 11 1 1 1 0 1 1 1 1 1 1 1 1 0 0 -99 -99 0 0 0 0 1 1 0 1 0 0 0 1 0 1 0 1 1 1 0 1 0 1 1 0 0 1 0 0 1 0 0 0 1 0 0 0 1 1 1 0
5 12 1 1 1 1 1 1 0 1 1 1 1 1 0 0 0 0 0 0 0 0 1 1 0 1 1 1 1 0 1 1 1 0 1 0 0 1 0 1 1 0 0 1 0 0 1 0 0 0 1 0 0 0 0 0 1 1
5 13 1 1 1 1 0 1 1 1 1 1 1 0 0 0 0 0 0 0 0 0 1 0 1 0 0 0 1 1 1 1 0 1 1 1 0 1 0 1 1 0 0 1 0 0 1 0 0 0 1 1 0 0 0 1 1 1
5 14 1 1 1 0 1 1 1 1 1 1 1 1 0 0 0 0 0 0 -99 -99 1 1 1 1 1 0 1 1 1 0 0 1 1 -99 -99 -99 -99 -99 -99 -99 -99 -99 -99 -99 -99 -99 -99 -99 -99 -99 -99 -99 -99 -99 -99 -99
6 1 0 0 0 0 1 1 0 1 1 0 1 0 0 0 1 1 -99 -99 -99 -99 0 1 1 1 1 0 1 0 0 0 0 1 -99 -99 -99 -99 -99 -99 -99 -99 -99 -99 -99 -99 -99 -99 -99 -99 -99 -99 -99 -99 -99 -99 -99 -99
6 2 0 0 1 0 1 1 0 1 1 0 1 0 0 0 0 1 -99 -99 -99 -99 0 1 0 1 0 0 1 0 0 0 1 1 -99 -99 -99 -99 -99 -99 -99 -99 -99 -99 -99 -99 -99 -99 -99 -99 -99 -99 -99 -99 -99 -99 -99 -99
6 4 0 0 1 0 1 1 0 1 1 0 1 0 0 1 1 1 0 0 0 0 0 1 1 1 0 0 1 0 0 0 1 1 1 1 0 1 0 1 1 0 0 1 0 0 0 1 0 0 0 0 0 0 1 0 0 0
6 9 0 0 1 0 1 1 0 0 1 0 1 0 1 0 0 0 -99 -99 -99 -99 0 1 1 1 0 1 1 0 0 0 1 1 -99 -99 -99 -99 -99 -99 -99 -99 -99 -99 -99 -99 -99 -99 -99 -99 -99 -99 -99 -99 -99 -99 -99 -99
6 10 0 0 1 0 1 1 0 1 1 0 1 0 0 0 0 0 0 0 -99 -99 0 1 1 1 0 0 1 0 0 0 0 1 1 0 1 0 0 -99 -99 -99 -99 -99 -99 -99 -99 -99 -99 -99 -99 -99 -99 -99 -99 -99 -99 -99
6 11 0 0 1 0 1 1 0 1 1 0 1 0 0 0 0 0 0 0 -99 -99 0 1 1 1 0 0 1 0 0 0 1 1 1 -99 -99 -99 -99 -99 -99 -99 -99 -99 -99 -99 -99 -99 -99 -99 -99 -99 -99 -99 -99 -99 -99 -99
6 12 1 0 0 0 1 1 0 1 1 0 1 0 0 0 1 1 0 0 -99 -99 1 0 0 1 0 0 1 0 0 0 1 1 1 -99 -99 -99 -99 -99 -99 -99 -99 -99 -99 -99 -99 -99 -99 -99 -99 -99 -99 -99 -99 -99 -99 -99
6 13 0 0 1 0 1 1 0 1 1 0 1 0 1 0 1 0 1 0 -99 -99 0 1 1 1 0 0 1 0 0 0 1 1 -99 -99 -99 -99 -99 -99 -99 -99 -99 -99 -99 -99 -99 -99 -99 -99 -99 -99 -99 -99 -99 -99 -99 -99
6 14 0 1 1 0 1 1 0 1 1 0 1 0 0 0 0 0 0 0 -99 -99 0 1 1 1 0 0 1 0 0 0 1 1 1 -99 -99 -99 -99 -99 -99 -99 -99 -99 -99 -99 -99 -99 -99 -99 -99 -99 -99 -99 -99 -99 -99 -99
7 1 1 1 1 1 1 1 1 1 1 1 0 1 1 0 0 0 0 0 1 0 0 0 0 1 1 0 0 0 0 0 0 1 1 1 1 1 1 1 1 0 1 1 1 1 0 0 0 0 0 0 1 0 0 0 1 0
7 3 1 1 1 1 1 1 1 1 1 1 1 1 0 0 1 0 0 0 0 0 0 0 0 0 1 0 0 0 1 1 0 0 0 0 1 0 1 0 0 1 1 0 1 1 0 0 0 0 1 0 1 0 1 0 0 1
7 4 1 1 1 0 1 1 1 1 1 0 1 1 0 0 0 0 0 1 0 0 0 0 0 0 0 0 1 0 0 0 0 1 0 0 1 0 1 1 0 1 1 0 1 1 1 0 0 0 1 0 0 0 0 0 1 1
7 5 1 1 0 1 1 1 1 0 0 1 0 1 0 0 0 0 0 0 0 0 0 0 0 0 1 1 0 1 1 1 0 0 1 0 1 0 1 0 0 1 1 0 1 1 0 0 0 1 0 1 0 1 0 1 0 0
7 7 1 1 0 1 0 0 1 0 1 1 1 1 0 0 0 0 0 0 0 0 1 0 0 0 1 1 0 1 1 0 0 0 0 1 1 1 1 1 1 0 1 1 0 0 0 0 0 1 0 1 0 1 0 0 1 0
7 8 1 1 1 0 0 1 1 1 0 1 1 0 0 0 0 0 0 0 0 0 0 0 0 0 1 1 0 0 1 0 0 0 0 0 1 0 1 0 0 1 1 0 1 1 0 0 0 1 -99 0 0 0 0 1 0 0
7 9 1 1 0 1 0 1 1 0 1 1 1 1 0 0 0 0 0 0 0 0 1 0 0 0 1 0 1 0 1 0 0 1 1 1 0 0 1 1 1 0 0 1 0 0 -99 -99 -99 -99 -99 -99 -99 -99 0 0 1 0
7 10 1 1 1 1 0 1 1 0 1 1 1 1 0 0 0 0 0 0 0 0 0 0 0 0 0 0 0 0 1 1 1 1 1 1 0 1 0 1 1 1 0 1 1 1 0 1 0 1 0 0 1 1 1 1 1 0
7 11 1 1 1 1 1 1 1 1 1 1 0 1 0 0 0 0 0 0 1 0 0 0 0 0 0 0 1 1 0 0 0 0 1 1 1 0 1 0 0 1 1 0 1 1 0 1 0 1 0 0 0 1 0 0 0 1
7 12 0 1 1 1 1 1 1 1 1 1 1 1 0 0 0 0 0 0 0 0 0 0 1 0 0 0 0 1 0 1 0 0 1 1 0 1 0 1 0 0 0 1 0 0 0 0 0 1 0 0 0 0 0 0 1 0
7 13 1 1 1 1 1 1 1 1 1 1 0 1 0 0 0 0 -99 -99 -99 -99 0 0 0 0 0 1 1 1 1 0 0 0 1 1 1 0 1 0 0 1 1 1 1 1 0 1 0 0 0 0 1 0 1 0 1 0
7 14 1 1 1 1 1 1 1 0 1 1 1 1 0 0 0 0 0 0 0 0 1 0 0 0 1 1 0 0 1 1 0 1 1 0 0 0 1 1 1 0 0 1 0 1 0 0 0 0 0 1 0 1 0 1 0 0
8 1 0 -99 -99 -99 -99 -99 -99 -99 -99 -99 -99 -99 0 1 1 0 0 0 0 0 0 -99 -99 -99 -99 -99 -99 -99 -99 -99 -99 -99 1 1 0 1 0 1 1 0 0 1 0 0 1 0 1 0 1 0 0 0 0 0 1 0
8 2 0 0 1 0 1 1 0 1 1 0 1 0 0 0 0 0 0 1 0 0 0 1 1 1 0 0 1 0 0 0 1 1 1 1 0 1 0 1 1 0 0 1 0 0 1 0 0 0 1 0 0 0 0 0 1 0
8 3 0 0 1 0 1 1 0 1 1 0 1 0 0 0 0 0 0 0 0 0 0 1 1 1 0 0 1 0 0 0 1 1 1 1 0 1 0 1 1 0 0 1 0 0 1 1 0 0 1 0 1 0 0 0 1 0
8 4 0 0 1 0 1 1 0 1 1 0 1 0 0 0 1 0 0 0 0 0 0 1 1 1 0 0 1 0 0 0 1 1 1 1 0 1 0 1 1 0 0 1 0 0 1 1 0 0 1 0 1 0 0 0 1 1
8 5 0 0 1 0 1 1 0 1 1 0 1 0 0 0 0 0 0 0 0 0 0 1 0 1 0 0 1 0 0 0 1 1 1 1 0 1 0 1 1 0 0 1 0 0 1 1 0 0 1 0 1 0 0 0 1 0
8 7 0 0 1 0 1 1 0 1 1 0 1 0 0 0 0 0 0 0 0 0 0 1 1 1 0 0 1 0 0 0 1 1 1 1 0 1 0 1 1 0 0 1 0 0 1 1 0 0 1 0 1 0 0 0 1 0
8 8 0 0 1 0 1 1 0 1 1 0 1 0 0 0 0 0 0 0 0 0 0 1 1 1 0 0 1 0 0 0 1 1 1 1 0 1 0 1 1 0 0 1 0 0 1 0 0 0 1 0 1 0 0 0 1 0
8 9 0 0 1 0 1 1 0 1 1 0 1 0 0 0 0 0 0 0 0 0 0 1 1 1 0 0 1 0 0 0 1 1 1 1 0 1 0 1 1 0 0 1 0 0 1 1 0 0 1 1 0 0 0 0 1 0
8 10 0 0 1 0 1 1 0 1 1 0 1 0 0 0 0 0 0 0 0 0 0 1 1 1 0 0 1 0 0 0 1 1 1 1 0 0 0 1 1 0 0 1 0 0 1 0 0 0 1 1 0 0 0 1 1 0
8 11 0 0 1 0 1 1 0 1 1 0 1 0 0 0 0 0 0 0 0 0 0 1 1 0 0 0 1 0 0 0 1 1 1 1 0 1 0 1 1 0 0 1 0 0 1 0 0 0 1 0 0 0 0 0 1 0
8 12 0 0 1 0 1 1 0 1 1 0 1 0 0 0 0 0 0 0 0 0 0 1 1 1 0 0 1 0 0 0 1 1 1 1 0 1 0 1 1 0 0 1 0 0 1 1 0 0 1 0 1 0 0 0 1 1
8 13 0 0 1 0 1 1 0 1 1 0 1 0 0 0 0 0 0 0 0 0 0 1 1 1 0 0 1 0 0 0 1 1 1 1 0 1 0 1 1 0 0 1 0 0 1 1 1 0 1 0 1 0 0 0 1 1
8 14 0 0 1 0 1 1 0 1 1 0 1 0 0 0 0 0 0 0 0 0 0 1 1 1 0 0 1 0 0 0 1 1 1 1 0 1 0 1 1 0 0 1 0 0 1 1 0 0 1 0 1 0 0 0 1 0
9 1 1 1 1 1 1 1 1 0 1 1 1 1 0 0 0 0 0 0 1 0 1 1 1 1 1 1 1 1 1 1 0 1 1 1 0 1 1 1 0 0 0 1 0 1 1 0 0 0 1 0 0 0 0 0 1 0
9 2 1 1 1 1 1 1 1 1 1 1 1 1 0 0 0 0 0 0 0 0 1 1 0 1 1 1 1 1 1 1 1 1 0 0 1 1 1 1 1 1 1 0 1 1 1 0 0 0 0 1 0 0 1 1 0 1
9 3 1 1 1 1 1 1 1 1 1 1 1 1 0 0 0 0 0 0 0 0 1 1 0 1 1 1 1 1 1 1 1 1 1 1 0 1 1 1 1 1 0 1 1 1 0 0 0 0 1 0 0 0 1 0 1 0
9 4 1 1 1 1 1 1 1 1 1 1 1 1 0 0 0 0 0 0 0 0 1 1 1 1 1 0 1 1 1 1 1 1 1 1 1 1 1 1 0 1 1 1 1 0 1 0 0 0 0 0 0 0 1 1 1 0
9 5 1 1 1 1 1 1 1 1 1 1 1 1 0 0 0 0 1 1 0 0 1 1 1 1 1 0 1 1 0 1 1 1 1 1 1 1 1 1 1 1 1 1 1 1 1 0 0 0 0 1 0 0 1 1 1 0
9 7 1 1 1 1 1 1 1 1 1 1 1 1 0 0 0 0 0 0 0 0 1 1 1 1 1 1 1 1 1 1 1 1 1 1 0 1 0 1 1 1 1 1 1 0 1 0 0 0 1 0 1 0 0 0 1 0
9 8 1 1 1 1 1 1 1 1 1 1 1 1 0 0 0 0 0 0 0 0 1 1 1 1 1 1 1 1 1 1 1 0 0 0 0 1 0 1 1 0 1 1 0 0 1 0 0 0 1 1 0 0 0 1 1 0
9 9 0 1 1 1 1 1 1 1 1 1 1 1 0 0 0 0 0 0 1 0 0 1 1 0 0 1 1 1 1 1 1 1 1 1 0 1 0 1 1 0 0 1 0 0 1 0 0 0 1 1 0 0 0 1 1 0
9 10 1 1 1 1 1 1 1 1 1 1 1 1 0 0 0 0 0 0 0 0 0 1 1 1 1 1 1 1 1 1 1 1 1 1 1 1 1 1 1 1 0 1 1 0 1 0 0 0 1 1 0 0 0 1 1 0
9 11 1 1 1 1 1 1 1 1 1 1 1 1 1 0 0 0 0 0 0 0 1 1 1 1 1 1 1 1 1 1 1 1 1 1 0 1 1 1 1 0 0 1 1 1 1 0 0 0 1 0 0 0 0 1 1 0
9 12 1 1 1 0 1 1 1 1 1 1 1 0 0 0 0 0 0 0 0 0 1 1 1 1 0 1 1 1 1 1 1 1 1 1 1 1 0 1 1 1 0 1 1 1 1 0 0 0 1 1 0 0 0 1 1 0
9 13 1 1 1 1 1 1 1 1 1 1 1 1 0 0 0 0 0 0 0 0 1 1 1 1 0 1 1 1 1 1 1 1 1 1 0 1 1 1 1 0 1 1 1 1 1 0 0 0 1 0 0 0 0 1 1 0
9 14 1 1 1 1 1 1 0 1 1 1 1 1 0 0 0 1 0 0 0 0 1 1 0 1 1 1 1 1 1 1 1 1 1 1 1 1 1 1 0 1 1 1 1 1 1 0 0 0 1 1 0 0 0 1 1 0
10 1 0 1 0 1 0 0 0 0 0 0 0 1 0 0 0 0 1 0 0 0 1 0 1 1 1 1 0 1 1 1 1 1 0 1 1 1 1 1 1 1 1 1 1 1 0 0 0 0 0 0 0 0 1 1 1 0
10 2 0 1 0 0 0 1 0 0 0 0 0 0 0 0 0 0 0 0 0 0 1 1 1 1 1 1 1 1 1 1 1 1 1 1 1 1 1 1 1 1 1 1 1 1 0 0 0 0 0 1 0 0 1 1 1 0
10 3 0 1 0 1 0 1 0 0 0 0 0 0 0 0 0 0 0 0 0 0 1 1 1 1 1 0 0 1 1 1 1 1 1 1 1 1 1 1 1 1 1 1 1 1 1 0 0 0 1 0 0 0 1 1 1 1
10 4 0 1 0 0 0 0 0 0 0 0 0 0 1 0 0 0 0 0 0 0 1 1 1 0 1 1 1 1 1 1 1 1 0 1 1 1 1 1 1 1 1 0 1 1 0 0 0 0 0 0 1 0 1 1 1 1
10 5 0 1 0 0 1 0 0 0 0 0 0 0 0 0 0 0 0 0 0 0 1 1 1 1 1 1 1 1 0 1 1 1 1 1 1 0 1 1 1 1 1 1 1 1 0 0 0 1 0 0 0 1 1 1 1 0
10 6 0 0 0 0 1 0 0 1 0 1 0 1 0 0 0 0 0 0 0 0 1 1 0 0 1 1 1 1 1 0 1 1 1 1 1 1 0 1 1 1 1 1 1 1 0 0 0 0 0 1 0 0 1 1 0 0
10 7 0 1 0 0 0 1 0 0 1 0 1 0 0 0 0 0 0 0 0 0 1 1 1 1 1 1 1 1 1 1 1 1 1 1 1 1 1 1 1 1 1 1 1 1 0 0 0 1 0 1 0 1 1 0 1 1
10 8 0 1 0 0 0 1 0 1 0 0 0 0 0 0 0 0 -99 -99 -99 -99 1 1 1 0 0 1 1 1 0 1 1 0 -99 -99 -99 -99 -99 -99 -99 -99 -99 -99 -99 -99 -99 -99 -99 -99 -99 -99 -99 -99 -99 -99 -99 -99
10 9 0 1 0 0 0 0 0 1 0 0 0 1 0 0 -99 -99 0 0 0 0 1 1 1 1 1 0 1 0 1 0 1 1 1 1 0 1 1 1 1 0 1 1 1 1 0 0 0 1 0 0 0 1 1 1 1 0
10 10 0 0 0 0 0 1 0 0 0 0 1 0 0 0 0 0 0 1 0 0 1 1 1 1 1 1 1 1 0 1 1 1 1 1 1 1 0 1 1 0 1 1 1 1 0 0 0 1 0 0 0 1 1 1 1 0
10 11 0 0 0 1 1 0 1 1 1 0 1 1 0 0 0 0 0 0 0 0 0 0 0 1 1 0 1 0 1 1 1 1 1 1 0 1 1 1 1 1 1 1 1 1 0 0 0 1 0 0 0 1 1 1 1 0
10 12 0 1 0 0 1 0 0 0 0 0 0 0 0 0 0 0 0 0 0 0 1 1 1 1 1 1 1 1 0 1 1 1 1 1 1 1 0 0 1 1 1 1 1 0 0 0 0 1 0 0 1 1 1 1 1 0
10 13 1 0 0 0 1 1 0 1 1 1 1 0 0 0 0 0 0 0 0 0 1 0 1 1 1 1 0 0 0 1 1 1 1 1 1 1 0 1 1 1 1 1 1 0 0 0 0 1 0 0 0 1 1 1 0 0
10 14 0 1 1 0 1 1 1 1 1 0 1 0 0 0 0 0 0 0 0 0 0 1 1 1 0 0 1 0 0 0 0 0 1 0 1 1 0 0 1 0 0 1 1 0 0 0 0 1 0 0 0 1 1 1 1 0
11 1 1 1 1 1 1 1 1 1 1 1 1 1 0 0 0 0 -99 -99 -99 -99 0 1 1 1 0 0 1 0 1 0 1 0 -99 -99 -99 -99 -99 -99 -99 -99 -99 -99 -99 -99 -99 -99 -99 -99 -99 -99 -99 -99 -99 -99 -99 -99
11 2 1 1 1 1 1 1 1 1 1 1 1 1 0 0 1 0 0 0 0 0 1 0 1 1 0 0 1 0 0 0 0 0 1 1 0 0 0 1 1 0 1 1 1 0 1 0 0 0 1 1 0 0 0 0 1 0
11 3 1 1 1 1 1 1 1 1 1 1 1 1 0 1 0 1 -99 -99 -99 -99 1 0 0 0 0 0 0 0 1 1 1 0 -99 -99 -99 -99 -99 -99 -99 -99 -99 -99 -99 -99 -99 -99 -99 -99 -99 -99 -99 -99 -99 -99 -99 -99
11 4 1 1 1 1 1 1 1 1 1 1 1 1 0 0 0 0 0 0 0 0 1 1 1 1 1 0 0 0 0 0 0 1 1 0 0 1 1 0 1 1 0 0 1 0 0 0 0 0 0 1 0 0 1 1 0 0
11 5 1 1 1 1 1 1 0 0 1 1 1 1 0 0 0 0 0 0 0 0 1 1 1 0 0 0 1 0 0 0 0 0 1 0 0 1 1 1 1 1 1 1 1 0 1 0 0 0 1 1 0 0 1 0 1 0
11 6 1 1 1 1 1 1 1 1 1 1 1 1 0 0 1 0 0 0 0 0 0 1 1 1 1 1 1 1 0 1 1 1 0 1 1 1 0 1 1 1 1 0 1 0 1 0 0 0 0 1 0 0 0 0 1 1
11 7 1 1 1 1 1 1 1 1 0 1 1 1 0 0 0 0 1 1 0 0 0 1 1 1 1 1 0 0 0 1 1 1 1 1 1 1 1 1 1 1 1 1 1 1 1 0 0 0 1 0 0 0 1 1 1 0
11 8 1 1 1 1 1 1 1 1 1 1 1 1 0 0 0 0 -99 -99 -99 -99 1 1 1 1 1 1 1 0 0 1 1 1 -99 -99 -99 -99 -99 -99 -99 -99 -99 -99 -99 -99 -99 -99 -99 -99 -99 -99 -99 -99 -99 -99 -99 -99
11 9 1 1 1 1 1 1 1 1 1 1 1 1 0 0 0 0 0 0 0 0 1 1 1 1 1 0 1 0 0 1 1 1 0 1 1 0 1 1 0 1 1 1 1 1 1 0 0 0 1 1 0 0 1 1 1 0
11 10 1 1 0 0 1 0 1 1 1 1 1 0 0 0 0 0 0 0 -99 -99 0 1 1 1 0 0 1 1 1 0 0 0 -99 -99 -99 -99 -99 -99 -99 -99 -99 -99 -99 -99 -99 -99 -99 -99 -99 -99 -99 -99 -99 -99 -99 -99
11 11 1 1 1 1 1 1 1 1 1 1 1 1 0 0 0 0 0 0 -99 -99 1 1 1 1 1 0 1 0 1 1 0 1 1 0 0 1 0 1 -99 -99 -99 -99 -99 -99 -99 -99 -99 -99 -99 -99 -99 -99 -99 -99 -99 -99
11 12 1 0 1 1 1 1 1 1 1 1 1 1 0 0 0 0 0 0 0 0 1 0 0 1 0 1 1 1 1 1 1 1 0 1 1 1 0 1 1 0 1 0 0 1 0 0 0 0 1 0 0 0 1 1 1 0
11 13 1 0 1 1 0 1 1 1 1 0 1 1 0 0 0 0 0 0 0 0 1 0 1 1 1 0 1 1 1 0 0 1 1 1 0 1 0 1 1 0 1 1 1 0 1 0 0 0 1 1 0 0 0 1 1 0
11 14 0 1 1 1 1 1 1 1 1 1 0 1 0 1 0 0 0 0 -99 -99 1 1 1 1 1 1 1 1 0 1 1 0 1 -99 -99 -99 -99 -99 -99 -99 -99 -99 -99 -99 -99 -99 -99 -99 -99 -99 -99 -99 -99 -99 -99 -99
12 1 0 1 1 1 1 1 1 1 1 0 1 0 0 0 0 0 0 0 0 0 0 0 1 0 0 0 1 0 0 0 1 1 1 1 0 1 0 1 1 1 1 1 1 0 0 0 0 0 0 1 0 0 1 0 1 0
12 2 1 0 -99 -99 -99 -99 -99 -99 -99 -99 -99 -99 0 0 -99 -99 0 1 0 0 1 1 0 -99 -99 -99 -99 -99 -99 -99 -99 -99 1 1 1 1 1 0 1 0 0 1 1 1 0 0 0 0 0 1 0 0 1 0 1 0
12 3 1 1 1 1 -99 -99 -99 -99 -99 -99 -99 -99 0 0 0 0 0 0 0 0 0 0 1 1 -99 -99 -99 -99 -99 -99 -99 -99 1 1 0 1 0 1 1 0 1 1 0 1 0 0 0 0 0 0 1 0 0 1 1 0
12 4 0 0 1 1 1 1 1 1 1 1 1 1 0 0 0 0 0 1 0 0 0 0 1 0 0 0 0 0 0 0 0 0 1 1 0 1 0 1 1 1 1 1 0 1 1 1 0 0 1 0 0 0 1 1 1 0
12 5 1 1 0 -99 -99 -99 -99 -99 -99 -99 -99 -99 0 0 0 0 0 0 0 0 1 0 0 -99 -99 -99 -99 -99 -99 -99 -99 -99 0 0 1 0 1 0 1 1 0 1 1 1 0 1 1 0 0 0 0 0 0 1 1 1
12 7 1 1 0 1 1 1 1 1 1 1 1 1 0 0 0 0 0 0 0 0 1 0 0 0 0 0 0 0 0 0 0 0 0 1 1 0 0 0 0 1 1 0 1 1 0 0 0 0 0 -99 -99 -99 0 1 1 0
12 8 1 1 1 1 1 1 1 1 1 1 1 1 0 0 0 0 0 0 0 0 1 0 0 0 0 0 1 0 0 0 0 0 0 0 1 0 1 0 0 1 1 1 1 1 1 0 0 0 0 1 0 0 0 1 1 1
12 9 1 -99 -99 -99 -99 -99 -99 -99 -99 -99 -99 -99 0 0 0 0 0 0 0 0 0 -99 -99 -99 -99 -99 -99 -99 -99 -99 -99 -99 0 1 0 0 1 1 -99 -99 -99 -99 -99 -99 -99 -99 -99 -99 -99 -99 -99 -99 -99 -99 -99 -99
12 10 1 1 1 1 1 1 1 0 1 1 -99 -99 0 0 0 0 0 0 0 0 0 1 0 0 0 0 0 0 0 -99 -99 -99 1 1 0 0 1 0 0 1 1 1 0 0 0 0 0 0 1 0 1 0 0 1 1 1
12 11 1 1 1 1 1 1 1 1 1 1 1 1 0 0 0 0 0 0 0 0 0 0 0 0 0 0 0 0 0 0 0 0 0 1 0 0 0 1 0 0 0 0 0 1 1 0 1 0 1 1 1 0 0 1 1 0
12 12 1 1 1 1 1 1 1 1 1 1 1 1 0 0 0 0 0 0 0 0 0 0 0 0 0 0 0 0 0 0 0 0 1 1 0 0 1 0 0 1 1 0 1 0 0 0 0 0 1 0 1 0 1 1 1 0
12 13 1 1 1 1 1 1 1 1 1 1 1 1 0 0 0 0 0 0 0 0 0 0 0 0 1 0 1 0 0 0 0 0 1 1 0 1 1 1 0 1 1 0 1 1 0 1 0 0 1 0 1 0 0 1 1 1
12 14 1 1 1 1 1 1 1 1 0 1 1 1 0 0 0 0 0 0 0 0 0 0 0 0 1 1 0 0 0 0 0 0 0 1 1 1 0 1 1 0 1 1 0 0 1 0 0 0 1 0 0 0 1 1 1 0
13 1 0 0 0 0 1 0 1 1 1 0 1 1 0 0 0 0 1 0 0 0 1 0 1 1 1 0 0 0 1 1 1 1 1 1 1 1 1 1 0 1 1 1 1 1 0 1 0 0 0 1 0 0 1 1 1 1
13 2 0 1 0 0 0 0 1 1 0 0 1 1 1 0 0 0 0 0 0 0 1 1 1 0 0 0 0 0 1 1 1 1 0 0 1 1 1 1 1 1 1 0 1 1 0 1 1 0 1 0 0 0 0 1 1 1
13 3 0 1 1 1 1 0 1 1 1 1 1 1 0 0 0 0 -99 -99 -99 -99 1 0 1 0 1 0 0 0 1 0 0 0 -99 -99 -99 -99 -99 -99 -99 -99 -99 -99 -99 -99 -99 -99 -99 -99 -99 -99 -99 -99 -99 -99 -99 -99
13 4 -99 -99 -99 -99 -99 -99 -99 -99 -99 -99 -99 -99 0 0 -99 -99 0 0 0 0 -99 -99 -99 -99 -99 -99 -99 -99 -99 -99 -99 -99 1 1 1 1 1 1 1 1 1 0 1 1 0 1 0 0 0 0 0 0 1 1 1 1
13 5 1 1 0 1 1 1 1 1 0 0 0 1 0 0 0 0 0 0 0 0 0 1 1 1 1 1 0 0 1 0 0 1 1 0 1 1 1 1 1 1 1 1 1 1 0 0 0 0 0 0 0 0 1 1 1 1
13 6 1 0 1 1 1 0 0 1 0 1 1 1 0 0 0 0 0 0 -99 -99 0 0 0 1 1 1 0 0 0 1 1 1 1 0 1 0 1 1 1 1 0 1 1 1 0 0 1 0 -99 -99 -99 -99 1 1 1 1
13 7 0 1 1 1 1 0 1 1 1 1 1 1 0 0 0 0 0 0 0 0 1 1 1 1 1 1 0 0 1 0 0 1 1 0 1 0 1 1 0 1 1 0 1 1 0 1 0 0 0 0 0 0 1 1 1 1
13 8 0 1 0 1 1 0 1 1 1 0 1 1 0 0 0 0 -99 -99 -99 -99 1 1 1 1 1 1 0 1 1 1 1 1 -99 -99 -99 -99 -99 -99 -99 -99 -99 -99 -99 -99 -99 -99 -99 -99 -99 -99 -99 -99 -99 -99 -99 -99
13 9 1 1 0 0 1 0 1 1 1 0 1 0 0 0 0 0 0 0 0 0 1 1 1 1 1 0 0 1 0 0 0 0 0 1 0 0 0 0 0 1 0 1 1 1 0 1 0 0 1 0 1 0 1 1 1 1
13 10 1 1 1 1 1 1 1 1 1 1 1 1 0 0 0 0 0 0 0 0 0 1 1 1 1 0 0 0 0 0 0 1 1 0 1 0 1 1 0 1 1 1 1 1 0 1 0 0 1 0 1 0 1 1 1 1
13 11 0 1 1 1 0 1 1 1 1 0 1 1 0 0 0 0 0 0 0 0 1 0 1 1 0 0 0 0 1 1 1 1 1 0 1 1 0 0 1 1 1 0 1 1 0 0 0 0 0 0 0 1 1 1 1 1
13 12 1 1 0 0 1 0 0 1 1 0 1 1 0 1 0 0 0 0 0 0 0 1 1 0 0 1 0 1 1 1 1 1 1 1 1 1 1 0 1 1 1 1 1 1 0 0 0 0 0 0 0 0 1 1 1 1
13 13 0 1 0 1 1 0 0 0 0 1 1 1 0 0 0 0 0 0 0 0 1 0 1 1 1 0 1 1 0 1 1 1 1 1 1 1 1 1 1 1 1 1 1 1 0 0 0 0 0 0 0 0 1 1 1 1
13 14 0 1 0 0 1 0 0 0 1 0 0 1 0 0 0 0 0 0 0 0 1 1 1 0 1 1 1 1 1 1 1 1 1 0 1 0 1 0 0 1 1 1 0 0 0 0 0 1 0 0 0 0 1 1 1 1
14 1 0 0 1 1 1 1 0 1 1 1 1 1 1 1 1 1 1 1 1 0 0 0 0 1 0 0 1 0 0 0 0 0 1 1 0 1 1 1 1 1 1 0 0 1 0 1 0 1 0 0 1 0 1 0 1 1
14 2 1 1 1 0 1 1 1 1 1 1 1 0 0 1 1 0 1 1 0 0 1 1 0 0 0 0 0 0 0 0 0 0 1 1 1 0 1 0 1 1 1 1 1 1 0 1 0 0 0 0 0 0 1 0 0 1
14 3 1 1 1 1 1 1 1 1 1 1 1 0 1 1 1 1 1 1 0 1 0 0 0 0 0 0 0 0 0 0 0 0 1 1 1 1 1 0 0 0 1 1 1 1 0 0 0 0 0 1 0 0 1 1 0 1
14 4 1 1 1 1 1 1 1 1 1 1 1 1 1 1 0 1 0 0 0 0 0 -99 0 1 0 0 1 0 0 0 0 0 1 0 1 1 1 1 1 1 1 0 1 1 0 1 0 1 0 0 1 0 1 0 0 1
14 5 1 1 1 1 1 1 1 1 1 1 1 1 0 0 0 0 0 0 0 0 0 0 0 0 0 0 0 0 0 0 0 0 1 1 1 1 1 0 1 1 1 1 1 1 0 1 0 0 0 0 1 0 1 0 1 1
14 7 1 1 1 1 1 1 1 1 1 1 1 0 0 0 0 0 0 0 0 1 1 0 0 1 0 0 1 0 0 0 0 0 0 1 1 1 0 1 1 1 1 1 0 1 1 1 0 0 1 0 1 0 1 0 1 1
14 8 1 1 1 0 1 1 0 1 1 1 1 1 0 1 0 0 0 0 0 0 0 0 1 0 0 0 1 0 0 0 1 0 1 0 1 1 1 1 1 1 0 1 0 1 0 0 0 0 0 0 1 0 1 0 1 0
14 9 0 0 1 0 1 1 1 1 1 1 1 1 0 0 0 0 0 0 1 0 0 0 0 0 0 0 1 0 0 0 0 1 1 1 0 1 0 0 0 1 1 1 1 0 0 1 0 0 0 0 1 0 1 1 0 1
14 10 1 1 1 1 1 1 0 1 1 1 1 1 1 0 1 0 0 1 0 0 0 0 0 0 0 0 1 0 0 0 0 0 1 1 0 1 0 1 1 0 1 1 1 1 0 1 0 0 1 0 0 0 1 0 1 1
14 11 1 1 1 0 1 1 0 1 1 1 1 0 0 1 0 0 1 1 0 0 0 0 0 0 0 0 0 0 0 0 1 1 1 1 0 1 1 0 0 1 1 1 1 1 0 1 0 0 0 0 1 0 1 1 0 0
14 12 0 1 1 0 1 1 1 1 1 0 1 1 0 1 0 0 0 0 0 0 0 1 0 0 0 0 1 0 0 0 0 1 1 1 1 0 1 0 0 1 1 1 1 1 0 1 0 0 0 0 1 0 1 0 0 1
14 13 1 1 1 0 1 1 1 1 1 1 1 1 0 0 0 0 0 0 0 0 0 0 0 1 0 0 1 0 0 0 0 1 0 1 1 0 1 0 1 1 1 0 1 0 0 0 0 0 0 0 1 0 1 1 1 1
14 14 1 1 1 1 1 1 0 1 1 1 1 0 0 0 0 0 0 0 0 0 0 0 0 0 0 0 1 0 0 0 1 0 1 1 1 1 1 0 1 1 1 1 1 1 0 1 0 0 0 0 1 0 1 0 0 1
15 1 1 0 0 0 1 1 1 1 1 0 1 1 0 1 1 1 1 1 1 1 1 0 0 1 0 1 0 0 0 0 1 0 1 1 1 1 0 1 1 0 0 1 0 0 0 1 0 0 -99 -99 -99 -99 1 0 0 0
15 2 1 1 1 0 1 1 1 1 0 1 0 1 1 1 1 1 1 1 1 1 1 0 0 1 0 0 0 1 0 1 0 0 1 0 1 0 1 1 1 1 1 1 1 1 0 1 0 1 0 0 1 1 1 0 1 0
15 3 1 1 1 1 1 1 1 1 1 1 1 1 1 1 -99 -99 1 0 1 1 0 1 0 0 0 0 0 0 0 0 0 0 1 1 1 0 1 1 0 1 1 0 1 1 -99 -99 -99 -99 -99 -99 -99 -99 -99 -99 -99 -99
15 4 1 1 1 1 1 1 0 1 1 1 1 0 0 1 1 1 1 1 1 0 0 1 0 1 0 0 1 0 0 1 0 1 0 0 1 1 1 1 1 0 1 1 1 1 0 1 0 0 0 0 1 0 1 0 0 1
15 5 1 0 1 1 1 1 1 0 0 1 1 1 1 1 0 0 0 1 0 0 0 0 0 0 1 0 1 0 0 0 0 1 1 1 1 1 0 1 1 0 1 1 0 0 -99 -99 -99 -99 -99 -99 -99 -99 1 0 0 1
15 6 -99 -99 -99 -99 -99 -99 -99 -99 -99 -99 -99 -99 0 1 0 0 1 0 0 1 1 -99 -99 -99 -99 -99 -99 -99 -99 -99 -99 -99 1 1 0 1 0 1 1 0 -99 -99 -99 -99 -99 -99 -99 -99 -99 -99 -99 -99 -99 -99 -99 -99
15 7 0 0 1 0 1 1 1 1 1 1 1 1 0 1 0 1 0 0 1 0 0 0 1 1 0 0 1 0 0 0 0 0 1 1 0 1 0 1 1 0 1 0 0 0 -99 -99 -99 -99 -99 -99 -99 -99 0 0 -99 -99
15 8 1 0 1 1 1 1 1 1 1 1 1 1 0 0 0 1 0 0 0 0 0 0 0 0 0 0 1 0 0 0 0 1 1 1 0 1 1 1 1 1 0 0 1 1 -99 -99 -99 -99 -99 -99 -99 -99 -99 -99 -99 -99
15 9 0 1 1 0 1 1 0 0 1 1 1 0 1 0 1 0 1 0 0 0 1 0 1 1 1 1 1 0 0 0 0 0 1 1 1 1 1 1 1 0 0 1 0 1 -99 -99 -99 -99 -99 -99 -99 -99 -99 -99 -99 -99
15 10 0 1 1 1 1 1 1 1 1 0 0 1 0 1 1 0 1 1 1 0 0 1 1 1 0 1 1 0 0 0 1 0 1 1 1 0 1 0 0 1 1 0 1 1 0 0 -99 -99 -99 -99 -99 -99 0 0 0 0
15 11 1 0 1 1 1 1 1 1 1 1 1 0 1 0 0 0 1 1 0 0 0 1 0 1 0 0 1 0 0 0 0 0 1 0 1 0 1 0 1 0 0 1 1 0 -99 -99 -99 -99 -99 -99 -99 -99 0 0 -99 -99
15 12 1 0 1 1 1 1 1 1 1 1 1 1 1 1 1 0 0 1 0 0 0 0 0 0 0 0 0 0 0 0 0 0 1 1 0 1 0 1 1 0 0 1 0 0 1 1 0 1 0 1 1 0 1 0 0 0
15 13 1 0 1 1 1 1 0 1 1 1 1 1 1 1 1 0 0 0 1 1 1 0 1 0 0 0 1 0 0 1 0 1 1 0 1 1 1 1 1 1 1 1 1 1 0 1 0 0 0 0 0 0 1 0 0 1
15 14 1 1 1 0 1 1 1 1 1 1 1 1 1 0 0 1 0 0 0 1 0 1 0 0 0 0 1 1 0 0 0 1 1 1 1 1 0 1 1 0 1 1 1 1 0 1 -99 -99 -99 -99 -99 -99 1 0 0 0
16 1 1 0 1 0 1 1 1 1 1 1 1 1 1 1 0 1 1 1 1 1 0 1 0 0 0 0 1 0 0 0 1 0 1 1 0 1 0 1 1 0 0 1 1 0 0 0 0 0 0 0 1 0 1 0 1 0
16 3 1 1 1 1 0 1 0 1 0 0 1 -99 1 0 0 0 0 0 0 0 0 0 1 1 1 1 1 1 1 1 -99 -99 1 1 0 1 0 1 1 0 0 1 0 0 0 1 0 0 0 0 1 0 1 0 0 1
16 4 1 1 0 1 1 1 1 1 1 1 1 1 0 0 0 0 0 0 0 0 0 1 1 0 0 0 0 0 0 0 0 1 1 1 0 1 0 1 1 0 0 1 0 0 1 0 1 0 1 0 0 0 0 0 1 1
16 5 1 1 1 1 1 1 1 1 1 1 1 1 0 0 1 0 0 0 0 0 0 0 1 0 0 0 1 0 0 1 1 1 1 1 0 1 0 1 1 0 0 1 0 0 1 1 1 0 1 0 1 0 0 1 1 0
16 7 1 1 1 1 1 1 1 1 1 0 1 1 0 0 0 0 0 0 0 -99 0 1 1 1 0 0 0 0 1 0 1 -99 1 1 0 1 0 1 1 0 0 1 -99 -99 -99 -99 -99 -99 -99 -99 -99 -99 -99 -99 -99 -99
16 8 1 0 1 1 1 1 1 1 1 1 1 1 0 0 0 0 0 0 -99 -99 0 1 1 0 0 0 1 0 0 0 1 0 1 1 0 1 1 0 0 1 1 -99 -99 -99 -99 -99 -99 -99 -99 -99 -99 -99 -99 -99 -99 -99
16 9 1 0 -99 -99 -99 -99 -99 -99 -99 -99 -99 -99 0 0 0 0 1 1 0 0 0 0 1 -99 -99 -99 -99 -99 -99 -99 -99 -99 1 1 0 1 1 -99 -99 -99 -99 -99 -99 -99 -99 -99 -99 -99 -99 -99 -99 -99 -99 -99 -99 -99
16 10 1 0 1 0 1 1 1 1 1 1 1 -99 0 0 0 0 0 0 0 0 0 1 1 0 0 0 1 0 0 -99 -99 -99 1 1 0 1 0 1 1 0 1 1 1 1 -99 -99 -99 -99 -99 -99 -99 -99 -99 -99 -99 -99
16 11 0 0 1 0 1 1 1 0 1 1 1 0 0 0 0 0 0 0 0 -99 0 1 0 0 0 0 1 0 0 0 1 1 1 1 0 1 0 1 1 0 0 1 0 0 0 1 0 0 -99 -99 -99 -99 1 0 1 1
16 12 1 1 1 1 1 1 1 1 1 1 1 1 0 0 0 0 0 0 0 0 0 0 1 0 0 0 1 0 0 0 1 1 1 1 0 1 0 1 1 0 0 1 0 0 0 1 0 0 1 0 0 0 0 1 1 1
16 13 1 0 1 1 1 1 1 1 1 1 1 1 -99 -99 -99 -99 0 0 0 0 0 1 0 1 0 0 1 0 0 0 1 1 1 1 0 1 0 1 1 0 0 1 0 0 1 0 1 0 0 0 1 0 1 0 0 0
16 14 1 0 1 0 1 1 1 1 1 1 1 1 1 0 0 0 -99 -99 -99 -99 0 1 1 1 0 0 1 0 0 0 1 1 -99 -99 -99 -99 -99 -99 -99 -99 -99 -99 -99 -99 -99 -99 -99 -99 -99 -99 -99 -99 -99 -99 -99 -99
17 1 1 1 1 1 1 1 1 1 1 1 1 1 1 1 0 0 0 0 0 0 0 0 0 0 0 0 0 0 0 0 0 0 1 1 0 1 0 1 1 0 0 1 0 0 0 0 1 0 0 0 0 0 1 0 0 0
17 2 -99 -99 -99 -99 -99 -99 -99 -99 -99 -99 -99 -99 0 0 0 0 1 1 0 0 0 -99 -99 -99 -99 -99 -99 -99 -99 -99 -99 -99 1 0 1 0 0 0 0 1 1 1 1 1 0 1 0 0 0 0 0 1 1 0 0 1
17 3 1 0 0 1 1 0 1 0 1 1 1 1 0 1 0 1 1 0 0 1 1 1 0 0 0 1 0 1 1 1 0 0 0 1 1 0 1 1 1 0 1 0 1 0 0 0 0 1 0 0 0 1 1 0 0 0
17 4 1 1 1 1 1 1 1 1 1 1 1 1 1 0 0 1 0 1 0 0 0 0 0 0 0 1 0 1 1 0 0 0 0 1 1 0 1 1 0 1 1 1 -99 -99 0 1 0 1 0 1 0 1 1 1 1 1
17 5 -99 -99 -99 -99 -99 -99 -99 -99 -99 -99 -99 -99 -99 -99 -99 -99 0 0 0 0 -99 -99 -99 -99 -99 -99 -99 -99 -99 -99 -99 -99 1 1 1 1 -99 -99 -99 -99 -99 -99 -99 -99 -99 -99 -99 -99 -99 -99 -99 -99 -99 -99 -99 -99
17 6 1 0 0 1 -99 -99 -99 -99 -99 -99 -99 -99 0 1 0 0 0 0 0 0 0 0 0 -99 -99 -99 -99 -99 -99 -99 -99 -99 1 1 0 1 -99 -99 -99 -99 -99 -99 -99 -99 -99 -99 -99 -99 -99 -99 -99 -99 1 -99 -99 -99
17 7 0 1 -99 -99 -99 -99 -99 -99 -99 -99 -99 -99 1 0 0 0 0 0 0 0 0 0 -99 -99 -99 -99 -99 -99 -99 -99 -99 -99 1 1 0 1 0 1 1 0 0 1 0 0 0 1 0 0 1 0 0 0 1 0 0 1
17 8 1 0 1 1 1 1 1 1 1 1 1 1 0 0 0 0 0 0 0 0 0 0 1 0 0 0 1 0 0 0 0 0 1 1 1 1 0 1 1 0 0 1 0 1 0 1 1 0 0 0 1 0 1 0 0 0
17 14 1 1 0 1 1 1 1 1 1 0 -99 -99 0 0 0 0 -99 -99 -99 -99 0 0 0 0 0 1 0 0 0 -99 -99 -99 -99 -99 -99 -99 -99 -99 -99 -99 -99 -99 -99 -99 -99 -99 -99 -99 -99 -99 -99 -99 -99 -99 -99 -99
18 2 0 0 1 0 1 1 0 1 1 0 1 0 1 0 0 1 1 1 0 1 0 1 1 1 0 0 1 0 0 0 1 1 1 0 1 0 1 1 0 0 1 0 0 0 1 1 1 0 0 0 1 0 0 0 0 0
18 3 0 0 1 0 1 1 0 1 1 0 1 0 0 0 0 -99 0 0 0 1 0 1 1 1 0 0 1 0 0 0 1 1 1 1 0 1 0 1 0 0 0 1 0 0 1 0 1 0 1 0 0 0 0 0 1 0
18 4 0 0 1 0 1 1 0 1 1 0 1 0 1 0 0 1 -99 -99 -99 -99 0 1 1 1 0 0 1 0 0 0 1 1 -99 -99 -99 -99 -99 -99 -99 -99 -99 -99 -99 -99 -99 -99 -99 -99 -99 -99 -99 -99 -99 -99 -99 -99
18 5 0 0 1 0 1 1 0 1 1 1 0 1 0 0 0 1 0 0 0 0 0 1 1 1 0 0 1 0 0 0 1 0 1 0 1 0 1 0 1 0 1 0 1 1 0 1 1 0 1 0 1 0 1 0 1 1
18 6 0 0 1 1 1 1 0 1 0 0 0 0 0 0 0 0 0 0 0 0 0 1 0 0 0 0 1 0 0 0 1 1 1 1 1 1 0 1 1 0 0 1 0 0 1 0 1 0 1 0 0 0 0 0 1 0
18 7 0 0 1 0 1 1 0 1 1 0 1 0 0 1 0 0 0 0 0 0 0 1 0 0 0 0 0 0 0 0 1 1 1 1 0 1 1 1 1 0 0 1 0 0 1 0 1 0 1 0 0 0 0 0 1 0
18 8 0 0 1 0 1 0 0 1 1 0 1 0 1 0 0 0 -99 -99 -99 -99 0 1 0 1 0 0 0 0 0 1 0 1 1 1 1 1 0 1 1 0 0 1 0 0 1 0 1 0 1 0 1 0 0 0 1 0
18 9 0 1 1 0 1 1 0 0 1 0 0 0 0 0 0 0 0 0 0 0 0 1 0 0 0 0 1 0 0 1 0 0 1 1 0 1 1 1 1 1 1 1 1 1 1 0 0 0 1 0 0 0 0 0 1 0
18 10 0 0 1 0 1 1 0 1 0 0 1 0 0 0 0 0 0 0 0 0 0 0 1 0 0 0 1 0 0 0 1 1 1 1 0 1 0 1 1 1 0 1 0 1 1 1 0 0 0 0 1 0 0 0 1 1
18 11 0 0 0 1 1 1 1 1 1 0 1 0 0 1 0 0 0 1 0 0 0 0 0 0 1 0 1 0 0 0 0 1 1 1 0 0 0 1 0 1 1 0 1 1 1 0 0 0 1 0 0 0 0 1 0 1
18 12 1 0 1 1 1 0 1 1 1 1 1 1 1 0 0 0 0 0 0 0 0 0 1 0 0 0 0 0 0 0 1 0 0 1 0 1 1 0 1 1 1 0 0 0 1 0 0 0 1 1 0 0 0 1 1 0
18 13 1 1 1 1 0 0 1 1 1 1 1 1 0 0 0 0 0 0 0 0 0 0 1 0 0 1 0 0 1 0 0 0 1 0 1 1 1 1 1 0 0 1 0 1 1 0 0 0 1 1 0 0 0 1 1 0
18 14 1 1 1 0 0 1 0 0 0 0 1 1 0 0 0 0 0 0 0 0 1 0 0 0 1 0 0 0 0 0 0 1 0 1 1 0 0 1 1 0 1 0 0 1 1 0 0 0 1 1 0 0 0 1 1 0
19 2 -99 -99 -99 -99 -99 -99 -99 -99 -99 -99 -99 -99 0 0 0 0 0 0 0 0 -99 -99 -99 -99 -99 -99 -99 -99 -99 -99 -99 -99 1 1 0 1 0 1 1 1 1 1 0 0 -99 -99 -99 -99 -99 -99 -99 -99 1 -99 -99 -99
19 3 -99 -99 -99 -99 -99 -99 -99 -99 -99 -99 -99 -99 0 0 0 0 0 0 0 1 -99 -99 -99 -99 -99 -99 -99 -99 -99 -99 -99 -99 0 1 0 1 0 1 1 0 0 1 0 0 0 -99 -99 -99 -99 -99 -99 -99 1 0 1 0
19 4 -99 -99 -99 -99 -99 -99 -99 -99 -99 -99 -99 -99 0 0 0 0 0 0 0 0 -99 -99 -99 -99 -99 -99 -99 -99 -99 -99 -99 -99 1 1 0 1 0 1 1 0 0 1 0 1 -99 -99 -99 -99 -99 -99 -99 -99 -99 -99 -99 -99
19 5 0 0 1 0 1 1 0 1 1 0 1 -99 0 0 0 0 0 0 0 0 0 1 1 1 0 0 1 0 0 0 1 -99 1 1 0 1 0 1 1 0 0 1 0 0 1 0 0 0 1 0 1 0 0 0 1 0
19 7 0 0 1 0 1 1 0 1 1 0 1 0 0 0 0 0 0 0 0 0 0 1 1 1 0 0 1 0 0 0 1 1 1 1 0 1 0 1 1 0 0 1 0 0 1 0 1 0 1 0 0 0 0 0 1 0
19 8 0 0 1 0 1 1 0 1 1 0 1 0 0 0 0 0 0 0 0 0 0 1 1 1 0 0 1 0 0 0 1 1 1 1 0 1 0 1 1 0 0 1 0 0 1 0 1 0 0 0 0 0 0 0 1 0
19 9 0 0 1 0 1 1 0 1 1 0 1 0 0 0 0 0 0 0 0 0 0 1 1 1 0 0 1 0 0 0 1 1 1 1 0 1 0 1 1 0 0 1 0 0 0 0 1 0 1 0 0 0 0 0 1 0
19 10 0 0 1 0 1 1 0 1 1 0 1 0 0 0 0 0 0 0 0 0 0 1 1 1 0 0 1 0 0 0 0 1 1 1 0 1 0 1 1 0 0 1 0 0 1 0 1 0 1 0 0 0 0 0 1 0
19 11 0 0 1 0 1 1 0 1 1 0 1 0 0 0 0 0 0 0 0 0 0 1 1 1 0 0 1 0 0 0 1 1 1 1 0 1 0 1 1 0 0 1 0 0 1 0 1 0 1 0 0 0 0 0 1 0
19 12 0 0 1 0 1 1 0 1 1 0 1 0 0 0 0 0 0 0 0 0 0 1 1 1 0 0 1 0 0 0 1 1 1 1 0 1 0 1 1 0 0 1 0 0 1 0 1 0 1 0 0 0 0 0 1 0
19 13 0 0 1 0 1 1 0 1 1 0 1 0 0 0 0 0 0 0 0 0 0 1 1 1 0 0 1 0 0 0 1 1 1 1 0 1 0 1 1 0 1 1 0 0 1 0 1 0 1 0 0 0 0 0 1 0
19 14 0 0 1 0 1 1 0 1 1 0 1 0 0 0 0 0 0 0 0 0 0 1 1 1 0 0 1 0 0 0 1 1 1 1 0 1 0 1 1 0 0 1 0 0 1 0 1 0 1 0 0 0 0 0 1 0
20 1 0 1 0 0 0 1 0 0 1 0 0 0 1 1 1 1 0 1 0 0 1 1 1 1 0 1 1 1 1 0 0 0 1 1 1 1 1 1 1 1 1 1 1 1 0 0 0 0 0 0 1 0 1 0 1 0
20 2 0 0 1 1 1 0 1 1 0 1 1 0 1 0 1 0 0 0 0 0 1 0 0 1 1 0 0 0 0 1 0 0 1 1 1 1 1 1 0 1 0 1 1 1 0 0 0 0 1 1 0 0 0 1 1 1
20 3 0 0 1 0 0 1 0 0 1 1 1 0 0 0 0 0 0 0 0 0 1 1 0 0 0 1 1 1 1 1 1 0 1 1 1 1 1 1 1 1 1 1 0 1 1 0 0 0 1 1 0 0 1 1 1 0
20 4 0 0 1 1 1 0 1 1 1 0 1 1 0 0 0 1 0 0 1 0 1 0 0 1 1 0 0 0 1 1 1 1 1 1 1 1 1 1 1 1 1 1 1 1 1 0 0 0 1 1 0 0 0 1 1 0
20 5 1 1 1 1 1 0 1 1 1 1 1 0 0 0 0 0 0 0 0 0 0 1 1 1 0 0 1 0 1 0 0 0 1 1 1 1 1 1 1 0 1 1 1 1 0 0 0 0 1 0 0 0 0 1 1 0
20 7 1 0 1 1 1 1 1 1 1 1 1 0 0 0 0 0 0 0 0 0 0 1 1 1 0 0 1 1 0 0 1 0 1 1 1 1 1 1 1 1 0 1 1 1 1 0 0 0 1 1 0 0 0 1 1 0
20 8 1 0 1 1 1 1 0 1 1 0 1 1 0 0 1 0 0 0 0 0 0 1 1 1 0 1 0 0 1 1 1 1 1 1 1 1 1 1 1 1 1 1 1 1 1 0 0 0 1 1 0 0 0 1 1 0
20 9 0 1 1 1 1 1 0 1 1 0 1 1 0 0 0 0 0 0 0 0 0 1 1 1 0 1 0 0 1 1 1 1 1 1 1 1 1 1 1 1 1 1 1 0 1 0 0 0 1 1 0 0 0 1 1 0
20 10 1 1 1 1 1 1 0 1 1 0 1 1 0 0 0 0 0 0 0 0 0 1 1 1 1 0 0 0 1 1 1 1 1 1 1 1 1 1 1 1 1 1 0 1 1 0 0 0 1 0 0 0 0 1 1 0
20 11 0 1 1 1 1 1 0 1 1 1 1 1 0 1 0 0 0 0 0 0 0 1 1 1 1 1 0 0 0 1 1 1 1 1 1 1 1 1 1 1 1 1 1 1 1 0 0 0 1 1 0 0 0 1 1 0
20 12 1 1 1 1 1 1 1 1 1 0 1 1 1 0 0 0 0 0 0 0 0 1 1 1 1 1 0 0 1 1 1 1 1 0 1 1 0 1 1 1 1 1 1 1 1 0 0 0 1 1 0 0 0 1 1 0
20 13 0 1 1 1 1 1 1 1 1 1 1 1 0 0 0 0 0 0 0 0 0 1 1 1 1 0 0 0 0 1 1 1 1 1 1 1 1 1 1 1 1 1 1 1 1 0 0 0 1 1 0 0 0 1 1 0
20 14 1 1 0 0 1 0 1 1 1 0 1 1 0 0 1 0 0 0 0 1 0 1 1 0 0 0 0 0 1 1 1 1 1 1 1 1 1 1 1 1 1 1 1 0 1 0 0 0 1 1 0 0 0 1 1 0
21 1 -99 -99 -99 -99 -99 -99 -99 -99 -99 -99 -99 -99 1 0 0 0 0 0 0 0 -99 -99 -99 -99 -99 -99 -99 -99 -99 -99 -99 -99 0 0 1 0 1 0 0 1 1 0 1 1 0 0 0 1 0 1 1 1 0 1 0 0
21 2 1 1 0 1 0 0 1 0 0 0 0 1 0 0 0 0 0 0 0 0 1 0 0 0 1 1 0 1 1 1 0 0 0 0 1 0 1 0 0 1 1 0 1 1 0 0 -99 -99 -99 -99 -99 -99 0 1 0 0
21 3 1 1 0 1 0 0 1 0 0 1 0 -99 0 0 0 0 0 0 0 0 1 0 0 0 1 1 0 1 1 1 0 -99 0 0 1 0 1 0 0 1 1 0 1 1 0 -99 -99 -99 -99 -99 -99 -99 0 1 0 0
21 4 1 1 0 1 0 0 1 0 -99 -99 -99 -99 0 0 1 0 0 0 0 0 1 0 0 0 1 1 0 1 -99 -99 -99 -99 0 0 1 1 1 0 0 1 1 0 1 1 0 1 0 0 0 -99 -99 -99 0 0 0 1
21 5 1 1 0 1 0 0 1 1 0 1 0 1 0 0 0 0 0 0 0 0 1 0 0 0 1 1 0 1 0 1 0 0 0 0 1 0 1 0 0 1 1 1 1 1 -99 -99 -99 -99 -99 -99 -99 -99 1 0 0 1
21 7 1 1 0 1 0 0 1 0 0 1 0 1 0 0 0 0 0 0 0 0 1 0 0 0 1 1 0 1 1 1 0 0 0 0 1 0 1 0 0 0 1 0 1 1 -99 -99 -99 -99 -99 -99 -99 -99 0 0 -99 -99
21 8 1 1 0 1 0 -99 -99 -99 -99 -99 -99 -99 0 0 0 0 0 0 0 0 1 0 0 0 1 -99 -99 -99 -99 -99 -99 -99 0 0 1 0 1 0 0 1 1 0 1 1 -99 -99 -99 -99 -99 -99 -99 -99 0 1 0 0
21 9 1 1 0 1 0 0 1 0 0 1 0 1 0 0 0 0 0 0 0 0 1 0 0 0 0 1 0 1 1 1 0 0 0 0 1 0 1 0 0 1 1 0 1 1 -99 -99 -99 -99 -99 -99 -99 -99 0 0 -99 -99
21 10 1 1 0 1 0 0 1 0 0 1 0 1 0 0 1 0 0 0 0 0 1 0 0 0 1 1 0 1 1 1 0 0 0 0 1 0 1 0 0 1 1 0 1 1 0 0 0 1 0 1 0 1 0 1 0 0
21 11 1 1 0 1 0 0 1 0 0 1 0 1 0 0 0 0 0 0 0 0 1 0 0 0 1 1 0 1 1 1 0 1 0 0 1 0 1 0 0 1 1 0 1 1 0 0 0 1 0 1 0 1 0 1 0 0
21 12 1 1 0 1 0 0 1 0 0 1 0 1 0 0 0 0 0 0 0 0 1 0 0 0 1 1 0 1 1 1 0 0 0 0 1 0 1 0 0 1 1 0 1 1 0 0 0 1 0 1 0 1 0 1 0 0
21 13 1 1 0 1 0 0 1 0 0 1 0 1 0 0 0 0 0 0 0 0 1 0 0 0 1 1 0 1 1 1 0 1 0 0 1 0 1 0 0 1 1 0 1 1 0 0 0 1 0 1 0 1 0 1 0 0
21 14 1 1 0 1 0 0 1 0 0 1 0 1 0 0 0 0 0 0 0 0 1 0 0 0 1 1 0 1 1 1 0 0 0 0 1 0 1 0 0 1 1 0 1 1 0 0 0 1 0 1 0 1 0 1 0 0
22 1 1 1 1 1 0 0 0 1 1 1 1 0 0 0 1 1 -99 -99 -99 -99 1 0 0 0 1 0 1 0 0 0 0 1 -99 -99 -99 -99 -99 -99 -99 -99 -99 -99 -99 -99 -99 -99 -99 -99 -99 -99 -99 -99 -99 -99 -99 -99
22 2 1 0 1 1 1 1 1 1 1 0 1 0 0 0 0 0 -99 -99 -99 -99 0 0 0 0 1 1 0 0 0 0 0 1 -99 -99 -99 -99 -99 -99 -99 -99 -99 -99 -99 -99 -99 -99 -99 -99 -99 -99 -99 -99 -99 -99 -99 -99
22 3 0 1 0 1 1 1 1 1 1 1 1 1 1 1 1 1 0 0 -99 -99 1 1 0 1 0 1 0 1 0 0 0 0 0 0 -99 -99 -99 -99 -99 -99 -99 -99 -99 -99 -99 -99 -99 -99 -99 -99 -99 -99 -99 -99 -99 -99
22 4 0 -99 -99 -99 -99 -99 -99 -99 -99 -99 -99 -99 1 1 -99 -99 0 0 -99 -99 1 -99 -99 -99 -99 -99 -99 -99 -99 -99 -99 -99 0 0 1 1 1 1 0 0 1 0 1 1 -99 -99 -99 -99 -99 -99 -99 -99 0 0 -99 -99
22 5 1 1 0 1 0 1 0 1 0 1 0 1 0 0 0 0 0 0 -99 -99 1 1 0 0 1 1 0 1 1 0 1 0 0 1 0 -99 -99 -99 -99 -99 -99 -99 -99 -99 -99 -99 -99 -99 -99 -99 -99 -99 -99 -99 -99 -99
22 6 1 1 0 1 0 1 1 1 1 1 1 1 1 0 1 1 0 1 -99 -99 1 0 0 0 1 1 0 0 1 1 0 0 0 1 1 0 1 0 0 1 1 0 0 1 -99 -99 -99 -99 -99 -99 -99 -99 1 0 -99 -99
22 7 1 1 1 0 1 0 1 -99 -99 -99 -99 -99 1 1 -99 -99 1 1 1 1 1 1 0 0 0 1 -99 -99 -99 -99 -99 -99 0 0 1 1 1 0 0 0 1 1 0 1 1 0 0 0 0 1 0 0 1 0 0 0
22 8 1 1 0 1 0 0 1 1 1 1 1 0 0 0 1 0 -99 -99 -99 -99 0 0 0 0 1 1 1 1 0 0 1 0 -99 -99 -99 -99 -99 -99 -99 -99 -99 -99 -99 -99 -99 -99 -99 -99 -99 -99 -99 -99 -99 -99 -99 -99
22 10 0 1 0 1 1 1 1 0 0 1 0 1 1 1 1 0 -99 -99 -99 -99 0 0 0 0 1 1 0 1 0 1 0 0 -99 -99 -99 -99 -99 -99 -99 -99 -99 -99 -99 -99 -99 -99 -99 -99 -99 -99 -99 -99 -99 -99 -99 -99
22 11 -99 -99 -99 -99 -99 -99 -99 -99 -99 -99 -99 -99 -99 -99 -99 -99 0 1 -99 -99 -99 -99 -99 -99 -99 -99 -99 -99 -99 -99 -99 -99 0 0 1 0 1 0 0 1 1 1 1 1 0 0 1 0 0 1 -99 -99 0 0 0 0
22 12 1 1 0 1 0 0 0 1 -99 -99 -99 -99 0 0 -99 -99 -99 -99 -99 -99 1 0 0 0 1 1 0 1 -99 -99 -99 -99 -99 -99 -99 -99 -99 -99 -99 -99 -99 -99 -99 -99 -99 -99 -99 -99 -99 -99 -99 -99 -99 -99 -99 -99
22 13 1 1 0 1 0 0 0 0 0 1 0 1 0 0 0 0 0 0 -99 -99 1 0 0 0 1 1 0 1 1 1 0 0 0 0 0 1 1 0 0 1 1 1 1 1 0 1 0 0 -99 -99 -99 -99 0 0 1 0
22 14 1 0 1 0 0 1 0 1 1 1 0 1 0 0 1 0 1 0 0 0 1 1 0 0 0 1 1 1 0 1 0 0 0 0 1 0 1 0 1 1 1 0 1 1 0 0 0 0 0 1 0 1 1 1 0 0
23 1 1 0 1 1 1 1 1 1 1 1 1 1 0 0 0 0 0 0 0 0 1 0 1 1 1 0 0 1 1 1 0 0 1 0 1 1 1 0 1 1 1 1 1 1 1 0 0 0 1 1 0 0 1 1 1 0
23 2 1 0 0 0 1 0 1 0 1 1 1 1 0 0 0 0 0 0 0 0 1 0 0 0 1 0 1 1 1 0 1 1 0 1 1 1 1 1 0 1 1 1 1 1 1 0 0 0 1 1 0 0 0 1 1 0
23 3 1 1 1 1 1 1 1 1 0 1 1 1 0 0 0 0 0 0 0 0 0 0 0 0 0 1 0 0 0 0 0 1 0 1 1 1 1 1 1 1 1 0 1 1 1 0 0 0 0 1 0 0 0 1 1 0
23 4 1 1 1 1 1 1 1 1 1 1 1 1 0 0 0 0 0 0 0 0 0 1 0 1 1 1 1 1 1 1 0 1 1 0 0 1 1 0 1 1 0 1 1 1 1 0 0 0 1 1 0 1 0 1 1 0
23 5 1 1 1 1 1 1 1 1 1 1 1 1 0 0 0 0 0 0 0 0 0 1 1 1 1 0 1 1 1 1 1 1 1 1 1 1 1 1 1 1 1 1 0 1 1 0 0 0 1 1 0 0 0 1 0 0
23 7 1 1 1 0 1 1 1 1 1 1 1 0 0 0 0 0 0 0 0 0 0 1 1 1 0 0 0 1 1 1 0 0 1 0 1 1 1 1 1 1 1 1 1 1 1 0 0 0 1 1 0 0 0 1 1 0
23 8 1 0 0 1 1 1 1 1 1 0 1 0 0 0 0 0 0 0 0 0 0 1 0 0 0 0 1 1 1 1 0 1 1 1 1 1 1 1 1 1 0 1 1 1 1 0 0 0 1 1 0 0 0 1 -99 0
23 9 1 0 1 1 1 1 1 1 1 1 1 0 0 0 0 0 0 0 0 0 0 1 0 1 0 1 1 1 1 1 0 0 1 1 1 1 1 1 1 1 1 1 1 1 1 0 0 0 1 1 0 0 0 1 1 0
23 10 1 1 1 0 0 1 1 1 1 1 1 1 0 0 0 0 0 0 0 0 0 1 1 0 0 1 0 0 1 1 1 1 1 0 0 1 1 1 1 1 1 1 1 1 0 0 0 0 1 1 0 0 0 1 1 0
23 11 1 1 1 1 0 1 1 1 0 1 1 1 0 0 0 0 0 0 0 0 0 1 1 0 0 1 0 1 1 1 0 1 1 1 1 1 1 1 1 1 1 1 0 1 1 0 0 0 1 1 0 0 0 1 1 0
23 12 1 1 1 1 1 1 1 1 1 1 1 1 0 0 0 0 0 0 0 0 0 1 1 0 0 1 0 1 1 1 1 1 1 1 1 1 1 1 1 1 0 1 1 1 1 0 0 0 1 1 0 0 0 1 1 0
23 13 0 1 1 1 1 1 0 1 1 1 1 1 0 0 0 0 0 0 0 0 1 1 1 1 1 1 1 1 1 1 1 1 1 1 1 1 0 1 0 1 1 1 1 0 1 0 0 0 1 1 0 0 0 1 1 0
23 14 0 1 1 1 1 1 1 1 1 0 1 1 0 0 0 0 0 0 0 0 1 1 1 1 1 1 1 1 1 1 1 1 1 1 1 1 1 1 1 0 1 1 1 1 1 0 0 0 1 1 0 0 0 1 1 0
24 2 1 1 1 1 1 1 1 1 0 1 1 1 1 1 0 0 0 1 0 0 1 1 1 1 1 1 0 1 1 1 1 1 1 0 1 1 1 1 1 1 1 0 1 1 1 0 1 0 1 0 0 0 0 0 0 1
24 3 1 1 1 1 1 1 1 1 0 1 1 1 1 0 0 0 1 1 1 0 1 1 1 1 1 1 1 1 1 1 1 1 1 0 1 0 1 1 1 1 1 0 1 1 0 1 0 0 1 1 0 0 0 0 1 0
24 4 1 1 1 1 1 0 1 1 1 1 1 -99 0 0 1 0 0 1 0 0 0 1 1 1 1 1 1 1 1 -99 -99 -99 1 1 1 1 1 1 1 1 1 1 1 -99 1 0 0 0 -99 -99 -99 -99 0 1 1 0
24 5 1 1 1 1 1 1 1 1 1 1 1 1 0 0 0 0 0 0 0 0 1 1 1 1 1 1 1 1 1 1 1 1 1 1 1 1 1 1 1 1 1 1 1 1 1 -99 -99 -99 -99 -99 -99 -99 0 1 1 0
24 6 1 1 1 1 1 1 1 1 1 1 1 1 0 0 0 0 0 0 0 0 1 1 1 1 1 1 1 1 1 1 1 1 1 0 1 1 1 1 1 1 1 1 1 1 1 0 0 0 1 1 0 0 0 1 1 0
24 7 0 0 1 1 1 1 0 1 1 1 1 0 0 0 0 0 0 0 0 0 1 1 1 1 1 1 1 1 1 1 1 1 1 1 1 1 1 1 1 1 1 1 1 1 1 0 0 1 1 1 1 1 0 0 1 0
24 8 1 1 1 1 1 1 1 1 1 1 1 1 0 1 0 0 0 0 0 0 1 1 1 1 1 1 1 1 1 1 1 1 0 1 1 0 1 1 1 1 1 1 1 1 1 0 1 1 1 1 0 1 0 1 1 0
24 9 1 1 1 1 1 1 1 1 1 0 1 1 0 0 0 0 0 0 0 0 1 1 1 1 1 1 1 1 1 1 1 1 1 1 1 1 1 0 1 1 1 0 1 1 1 0 0 1 1 1 0 1 0 1 1 0
24 10 0 1 1 1 1 1 1 1 1 1 1 1 0 0 0 0 0 0 0 0 1 1 1 1 1 1 1 1 1 1 1 1 1 0 1 1 1 1 1 1 1 0 1 1 1 0 0 0 1 -99 -99 -99 0 1 1 0
24 11 1 1 1 1 1 1 1 1 1 1 1 1 0 0 0 0 0 0 0 0 1 1 1 1 1 1 1 1 1 1 1 1 1 1 1 1 1 1 1 1 1 1 1 1 1 0 0 1 1 0 0 1 0 1 1 0
24 12 1 1 1 1 1 1 0 1 1 1 1 1 0 0 0 0 0 0 0 0 1 1 1 1 1 1 1 1 1 1 1 1 0 1 1 1 1 1 1 1 1 1 0 0 1 0 0 1 1 1 0 0 1 0 0 0
24 13 1 1 1 1 1 1 1 1 1 1 1 1 0 0 0 0 0 0 0 0 1 1 1 1 1 1 1 1 1 0 1 1 0 0 1 1 1 0 1 1 1 0 1 1 1 0 0 1 1 1 0 1 0 1 1 0
24 14 1 1 1 1 1 1 1 1 1 1 1 1 0 0 0 0 0 0 0 0 1 1 1 1 1 1 0 1 1 1 1 1 1 1 1 0 1 1 0 1 1 1 1 1 1 0 0 1 1 1 0 1 1 0 1 0
25 1 1 1 1 1 1 1 1 1 1 1 1 1 1 1 0 0 1 1 0 0 0 0 0 0 0 0 0 0 0 0 0 0 1 1 0 1 0 1 1 0 0 1 0 0 0 1 1 0 1 0 0 0 0 1 1 1
25 2 1 0 1 1 1 1 1 1 1 1 1 1 0 0 0 0 1 0 0 0 0 0 0 0 0 0 1 0 0 0 0 0 1 1 0 1 0 1 1 0 0 1 0 0 0 1 1 0 1 0 1 0 0 0 1 0
25 3 1 1 1 1 1 1 1 1 1 1 1 1 0 0 0 0 0 0 0 0 0 1 0 1 0 0 1 0 0 0 1 0 0 1 0 1 0 0 1 1 1 0 1 0 0 1 1 0 0 0 1 0 0 0 1 1
25 4 1 1 1 1 1 1 1 1 1 1 1 1 0 0 0 0 1 0 0 0 0 0 0 0 0 0 0 0 0 0 0 0 1 1 0 1 1 1 0 0 0 1 1 1 1 1 1 -99 -99 -99 -99 -99 1 1 1 0
25 5 1 1 1 1 1 0 1 1 1 1 1 1 0 0 0 0 0 0 0 0 0 0 0 0 0 0 0 0 0 0 0 0 1 1 1 1 0 1 1 1 1 1 1 1 0 1 1 0 1 0 0 0 0 0 0 0
25 6 1 1 1 1 1 1 1 1 1 1 1 1 0 0 0 0 0 0 0 0 0 0 0 0 0 0 1 0 0 0 0 0 1 1 1 1 1 1 1 1 1 0 1 1 0 0 0 0 0 0 1 0 1 0 0 1
25 7 1 1 1 1 1 1 1 1 1 1 1 1 0 0 0 0 0 0 0 -99 0 0 0 0 0 0 1 0 0 0 0 0 1 0 1 0 1 1 1 0 0 0 1 1 -99 -99 -99 -99 -99 -99 -99 -99 -99 -99 -99 -99
25 8 1 1 1 1 1 1 1 1 1 1 1 1 0 0 0 0 0 0 0 0 0 0 0 0 0 0 0 0 0 0 0 0 1 0 1 0 1 1 0 1 1 0 1 1 0 1 1 0 0 0 1 0 0 0 0 1
25 9 1 1 1 1 1 1 1 1 1 1 1 1 0 1 0 0 0 0 0 0 1 0 0 0 0 0 0 0 0 0 0 0 0 1 1 1 1 0 1 1 1 1 1 1 1 1 1 0 0 0 1 0 0 0 0 0
25 10 1 1 1 1 1 1 1 1 1 1 1 1 0 0 0 0 0 0 0 0 0 0 0 0 0 0 0 0 0 0 0 0 1 1 1 1 0 1 1 0 0 1 1 0 1 1 1 0 0 0 1 0 0 0 1 1
25 11 1 1 1 1 1 1 1 1 1 1 1 1 0 0 0 0 0 0 0 0 0 0 0 0 0 0 0 0 0 0 0 0 0 0 1 1 1 1 1 1 0 0 1 1 0 1 1 0 0 0 1 0 0 0 1 1
25 12 1 1 1 1 1 1 1 1 1 1 1 1 0 0 0 0 0 0 0 0 0 0 0 0 0 0 0 0 0 0 0 0 1 1 1 0 1 1 0 1 1 0 1 0 0 1 1 0 0 0 1 0 1 0 1 1
25 13 1 1 1 1 1 1 1 1 1 1 1 1 0 0 0 0 0 0 0 0 0 0 0 0 0 0 1 0 0 0 0 0 1 1 1 1 1 1 1 0 0 0 0 1 1 1 0 0 1 0 1 0 1 0 1 1
25 14 1 1 1 1 1 1 1 1 1 1 1 1 0 0 0 0 0 0 0 0 0 0 0 0 0 0 0 0 1 0 0 0 0 0 1 0 1 1 0 1 1 0 1 1 0 1 1 0 1 0 0 0 0 0 1 1
26 1 1 1 1 1 -99 -99 -99 -99 -99 -99 -99 -99 1 0 0 0 0 0 0 0 1 0 1 -99 -99 -99 -99 -99 -99 -99 -99 -99 1 1 1 0 1 0 1 1 0 1 1 1 0 1 0 0 0 0 1 0 1 0 1 1
26 3 0 1 1 -99 -99 -99 -99 -99 -99 -99 -99 -99 0 0 0 0 0 0 -99 -99 1 0 1 -99 -99 -99 -99 -99 -99 -99 -99 -99 1 1 1 1 1 1 1 1 1 1 1 1 -99 -99 -99 -99 -99 -99 -99 -99 1 1 1 -99
26 4 1 1 1 1 0 1 1 1 0 1 1 1 0 0 0 0 -99 -99 -99 -99 1 1 1 1 1 1 1 1 0 1 0 1 -99 -99 -99 -99 -99 -99 -99 -99 -99 -99 -99 -99 -99 -99 -99 -99 -99 -99 -99 -99 -99 -99 -99 -99
26 5 1 1 0 1 -99 -99 -99 -99 -99 -99 -99 -99 0 0 0 0 0 0 0 0 1 1 1 -99 -99 -99 -99 -99 -99 -99 -99 -99 1 1 1 1 1 0 1 1 1 0 1 1 1 0 -99 -99 -99 -99 -99 -99 0 0 1 1
26 6 1 1 1 1 0 1 1 0 0 1 0 1 0 0 0 0 0 0 0 0 1 0 0 0 0 1 0 0 0 0 0 0 1 0 1 1 1 1 1 1 1 0 1 1 0 0 1 0 0 1 1 0 0 0 1 1
26 7 -99 -99 -99 -99 -99 -99 -99 -99 -99 -99 -99 -99 -99 -99 -99 -99 0 0 0 0 -99 -99 -99 -99 -99 -99 -99 -99 -99 -99 -99 -99 1 1 1 0 1 1 1 1 1 0 0 1 0 0 0 0 0 1 0 0 1 1 1 1
26 8 1 1 1 1 0 1 1 1 1 1 1 1 0 0 0 0 0 0 0 0 1 1 1 0 0 1 0 0 1 1 1 1 1 1 1 1 1 1 1 1 1 1 1 1 0 1 0 0 0 1 1 0 1 1 0 0
26 9 1 1 1 1 1 1 1 1 1 1 1 1 0 0 0 0 0 0 0 0 1 1 1 0 0 1 1 1 1 1 0 0 1 0 1 0 1 0 1 1 1 0 1 1 0 1 0 0 0 0 0 0 0 1 1 1
26 10 0 1 1 1 1 0 1 1 1 1 1 1 0 0 0 0 0 0 0 0 1 0 1 0 0 0 0 0 1 1 0 1 1 1 1 1 1 1 1 1 1 1 1 1 0 -99 -99 -99 -99 -99 -99 -99 1 1 0 0
26 11 1 1 0 1 0 1 1 1 0 1 1 1 0 0 0 0 1 0 0 0 1 1 1 1 1 1 0 1 0 1 0 0 1 1 1 1 1 1 1 1 1 1 1 1 0 0 0 0 0 1 0 0 1 1 1 1
26 12 1 1 1 1 1 1 1 1 0 1 1 1 0 0 0 0 0 0 0 0 1 1 0 0 0 0 0 0 0 1 0 0 1 0 1 0 0 1 1 1 1 1 1 1 0 0 0 0 0 1 0 0 0 0 0 1
26 13 0 1 0 1 0 1 1 1 -99 -99 -99 -99 0 0 0 0 0 0 0 0 1 0 1 0 1 1 0 0 -99 -99 -99 -99 1 1 1 0 1 1 0 1 1 0 1 1 0 1 -99 -99 -99 -99 -99 -99 1 1 1 1
27 1 0 0 1 0 1 0 0 1 1 0 0 0 1 1 1 1 0 0 0 0 0 1 1 1 0 0 1 1 0 0 1 1 0 0 1 0 1 0 0 1 1 0 1 1 0 0 0 0 0 0 0 0 0 1 0 1
27 2 0 0 1 0 1 0 0 0 1 0 0 0 0 0 0 0 -99 -99 -99 -99 1 1 1 1 0 0 1 1 1 0 1 1 -99 -99 -99 -99 -99 -99 -99 -99 -99 -99 -99 -99 -99 -99 -99 -99 -99 -99 -99 -99 -99 -99 -99 -99
27 3 0 0 0 0 0 1 1 0 0 1 0 0 0 0 0 0 0 0 -99 -99 1 0 1 0 0 0 1 0 0 0 1 0 1 -99 -99 -99 -99 -99 -99 -99 -99 -99 -99 -99 -99 -99 -99 -99 -99 -99 -99 -99 -99 -99 -99 -99
27 4 0 0 1 0 1 1 0 1 1 0 1 0 0 0 0 0 0 0 -99 -99 1 1 1 0 0 0 1 0 0 0 0 1 1 1 -99 -99 -99 -99 -99 -99 -99 -99 -99 -99 -99 -99 -99 -99 -99 -99 -99 -99 -99 -99 -99 -99
27 5 0 0 0 0 1 1 0 1 1 0 1 0 0 0 0 0 0 0 -99 -99 0 1 1 1 0 0 0 1 0 0 1 1 1 -99 -99 -99 -99 -99 -99 -99 -99 -99 -99 -99 -99 -99 -99 -99 -99 -99 -99 -99 -99 -99 -99 -99
27 6 0 1 1 1 1 1 1 1 1 1 1 0 0 0 0 0 0 0 -99 -99 1 0 1 1 1 1 1 0 0 0 1 1 1 1 -99 -99 -99 -99 -99 -99 -99 -99 -99 -99 -99 -99 -99 -99 -99 -99 -99 -99 -99 -99 -99 -99
27 7 0 0 1 1 1 1 1 1 0 0 1 0 0 0 0 0 0 0 -99 -99 0 0 1 1 0 0 1 1 0 1 0 0 1 1 -99 -99 -99 -99 -99 -99 -99 -99 -99 -99 -99 -99 -99 -99 -99 -99 -99 -99 -99 -99 -99 -99
27 8 1 0 1 1 1 1 0 0 1 0 0 1 0 0 0 0 -99 -99 -99 -99 0 1 0 1 1 1 1 1 1 1 1 1 -99 -99 -99 -99 -99 -99 -99 -99 -99 -99 -99 -99 -99 -99 -99 -99 -99 -99 -99 -99 -99 -99 -99 -99
27 9 0 1 1 1 1 1 0 0 1 0 0 0 0 0 0 0 0 0 0 0 0 1 1 1 1 0 1 1 0 0 1 1 1 1 0 1 0 0 1 0 0 1 0 0 0 0 0 0 0 0 0 0 1 0 0 1
27 10 0 0 1 1 1 1 0 1 1 0 1 0 0 0 0 0 0 0 0 0 1 1 1 1 1 0 1 0 0 1 0 1 1 1 0 1 0 1 1 0 0 1 0 1 0 0 0 0 0 0 0 0 1 0 1 1
27 11 0 0 1 0 1 1 0 1 1 0 1 0 0 0 0 0 0 0 0 0 0 1 0 1 1 1 1 1 0 1 1 1 1 1 1 1 0 1 1 0 0 1 0 0 0 1 0 0 0 0 0 0 1 1 0 1
27 12 0 0 0 0 1 0 0 0 1 0 0 1 0 0 0 0 0 0 -99 -99 0 0 1 1 0 0 1 1 1 0 1 1 0 1 0 -99 -99 -99 -99 -99 -99 -99 -99 -99 -99 -99 -99 -99 -99 -99 -99 -99 -99 -99 -99 -99
27 13 0 1 0 0 0 1 0 0 1 1 1 0 0 1 0 0 0 0 -99 -99 0 1 1 1 0 1 1 1 1 1 1 0 -99 -99 -99 -99 -99 -99 -99 -99 -99 -99 -99 -99 -99 -99 -99 -99 -99 -99 -99 -99 -99 -99 -99 -99
27 14 0 0 0 0 0 1 0 0 0 0 1 0 0 0 0 0 1 0 -99 -99 1 1 1 1 1 1 1 0 0 1 0 1 -99 -99 -99 -99 -99 -99 -99 -99 -99 -99 -99 -99 -99 -99 -99 -99 -99 -99 -99 -99 -99 -99 -99 -99
28 4 1 1 1 0 1 1 0 1 1 0 1 0 0 0 0 1 0 0 0 0 0 1 0 1 0 0 1 0 0 0 1 1 1 1 0 0 0 1 1 0 0 1 0 0 0 1 0 0 0 0 1 0 1 0 0 1
28 5 1 0 1 0 1 1 -99 -99 -99 -99 -99 -99 0 0 -99 -99 0 0 1 1 0 1 1 1 0 -99 -99 -99 -99 -99 -99 -99 1 0 0 1 0 1 1 0 0 1 0 0 0 1 0 1 0 0 1 0 1 0 0 0
28 6 0 0 1 0 1 1 1 1 1 0 1 0 0 0 0 0 0 0 -99 -99 0 1 1 0 0 0 1 0 0 0 1 1 1 1 0 1 0 1 1 0 0 1 0 0 -99 -99 -99 -99 -99 -99 -99 -99 1 0 -99 -99
28 7 0 0 1 0 1 1 0 1 1 0 1 0 0 0 0 0 1 0 0 0 0 1 1 1 0 0 1 0 0 0 1 1 1 1 0 1 0 1 1 0 0 1 0 0 0 1 1 0 0 0 1 0 1 0 0 0
28 8 0 0 1 0 1 1 0 1 1 0 1 0 0 1 0 0 -99 -99 -99 -99 0 1 1 1 0 0 1 0 0 0 1 0 -99 -99 -99 -99 -99 -99 -99 -99 -99 -99 -99 -99 -99 -99 -99 -99 -99 -99 -99 -99 -99 -99 -99 -99
28 9 0 0 1 0 1 1 0 1 1 0 1 0 1 0 -99 -99 -99 -99 -99 -99 0 1 1 1 0 0 1 0 0 0 1 1 -99 -99 -99 -99 -99 -99 -99 -99 -99 -99 -99 -99 -99 -99 -99 -99 -99 -99 -99 -99 -99 -99 -99 -99
28 10 0 0 1 0 1 1 0 1 1 0 1 0 0 0 0 0 0 1 0 0 0 1 1 1 0 0 1 0 0 0 1 1 1 1 0 1 0 1 1 0 1 1 1 0 0 0 0 1 0 0 0 1 1 0 0 1
28 11 -99 -99 -99 -99 -99 -99 -99 -99 -99 -99 -99 -99 -99 -99 -99 -99 0 0 0 0 -99 -99 -99 -99 -99 -99 -99 -99 -99 -99 -99 -99 1 1 0 1 0 1 1 0 0 1 0 0 0 1 0 0 0 0 1 0 1 0 0 1
28 12 1 0 1 0 1 1 0 1 1 0 1 0 0 0 0 0 -99 -99 -99 -99 0 1 1 1 0 0 1 0 0 0 1 1 -99 -99 -99 -99 -99 -99 -99 -99 -99 -99 -99 -99 -99 -99 -99 -99 -99 -99 -99 -99 -99 -99 -99 -99
28 13 0 0 1 0 1 1 0 1 1 0 1 0 0 0 0 0 1 1 0 0 0 1 1 1 0 0 1 0 0 0 1 1 1 1 0 1 0 1 1 0 0 1 0 0 0 0 1 1 0 0 1 0 1 0 0 1
28 14 0 0 1 0 1 1 0 1 1 0 1 0 0 0 0 0 0 0 0 0 0 0 1 1 0 0 1 0 0 0 1 1 0 1 0 1 0 1 1 0 0 1 0 0 0 1 0 0 0 0 0 0 1 0 0 0
29 1 1 1 1 1 1 1 1 1 1 1 1 1 0 0 0 0 1 0 -99 -99 1 1 1 1 1 1 1 0 1 1 1 1 1 0 0 1 1 0 0 1 1 0 0 0 1 0 1 0 0 0 0 0 0 1 1 0
29 2 1 1 1 1 1 1 1 1 1 1 1 1 0 0 0 0 0 0 -99 -99 1 1 1 1 1 1 1 1 1 1 1 1 1 1 0 1 1 1 0 1 1 1 1 1 0 1 1 0 0 0 1 0 1 0 0 0
29 3 1 1 1 1 1 1 1 1 1 1 1 1 0 0 0 1 0 0 0 0 1 1 1 1 1 1 1 1 1 1 1 1 0 1 1 1 0 0 1 1 1 1 1 1 1 0 0 1 0 0 0 0 1 1 1 0
29 4 1 1 1 1 1 1 1 1 1 1 1 1 0 1 0 0 0 0 0 0 1 1 1 1 1 1 1 1 1 1 1 0 1 0 1 1 1 0 0 1 0 1 1 0 1 0 1 1 0 0 0 0 1 0 0 0
29 5 1 1 1 1 1 1 1 1 1 1 1 1 0 0 0 0 0 1 0 1 1 1 1 1 1 1 1 1 1 1 1 1 1 1 1 1 1 1 0 1 1 1 1 1 0 1 1 0 0 0 0 0 1 0 0 0
29 7 1 1 1 1 1 1 1 1 1 1 1 1 0 0 0 0 0 0 0 0 1 1 1 1 1 1 1 1 1 1 1 1 1 1 1 1 1 1 1 1 1 1 1 1 0 0 1 1 0 0 1 1 1 0 0 0
29 8 1 1 1 1 1 1 1 1 1 1 1 1 0 0 0 0 0 0 0 0 1 1 1 1 1 1 1 1 1 1 1 1 1 1 1 1 1 1 1 1 1 1 1 1 0 1 1 0 0 0 1 0 0 0 0 0
29 9 1 1 1 1 1 1 1 1 1 1 1 1 0 0 0 0 0 0 1 0 1 1 1 1 1 1 1 1 1 1 1 1 1 1 1 1 1 1 0 1 1 1 1 0 0 1 1 1 0 0 0 1 0 0 0 0
29 10 1 1 1 1 1 1 1 1 1 0 1 1 1 0 0 0 0 0 0 0 1 1 1 1 1 1 1 1 1 1 1 1 1 1 1 1 1 1 1 1 0 1 1 1 0 0 1 1 0 0 0 1 0 0 0 0
29 11 1 1 1 1 1 1 1 1 1 1 1 1 0 0 0 0 1 0 0 0 1 1 1 1 1 1 1 1 1 1 1 1 1 1 1 1 1 1 1 1 1 1 1 1 0 0 1 1 0 0 0 1 0 0 0 0
29 12 1 1 1 1 1 1 1 1 1 1 1 1 0 0 0 0 0 0 1 0 1 1 1 1 1 1 1 1 1 1 1 1 1 1 1 1 1 1 1 1 1 1 0 1 0 0 1 1 0 0 1 1 0 0 0 0
29 13 1 1 1 1 1 1 1 1 1 1 1 1 1 0 0 0 0 1 1 1 1 1 1 1 1 1 1 1 1 1 1 1 1 1 1 1 1 1 0 1 0 1 1 1 0 0 0 1 0 0 0 1 1 0 0 0
29 14 1 1 1 1 1 1 1 1 1 1 1 1 0 0 0 0 0 0 0 0 1 1 1 1 1 1 1 1 1 1 1 1 0 0 1 1 1 1 1 1 1 1 1 1 0 0 0 1 0 0 0 1 0 0 0 0
30 1 1 1 1 1 1 1 1 1 1 1 1 1 0 0 0 1 0 0 0 0 0 0 0 0 0 0 1 0 0 0 0 1 1 1 1 1 1 1 1 1 1 1 1 1 0 1 1 0 1 1 0 0 1 0 0 0
30 2 1 0 1 0 0 0 1 1 1 1 1 0 0 0 0 0 0 0 0 0 0 0 0 0 0 0 0 0 0 0 0 0 0 0 1 0 1 0 0 1 1 0 1 1 1 0 0 0 1 1 0 0 1 1 1 0
30 3 1 1 1 0 0 1 1 0 0 0 0 1 0 0 0 0 0 0 0 0 0 0 0 1 1 0 1 0 0 0 0 0 1 1 1 1 1 1 1 1 1 1 1 1 1 0 0 0 1 1 0 0 1 1 1 0
30 4 1 0 0 0 1 1 1 1 1 1 1 1 0 0 0 0 0 0 0 0 0 1 0 1 1 0 0 0 0 0 0 0 0 1 1 1 1 1 0 1 1 1 1 1 1 0 0 0 1 1 1 0 0 1 1 0
30 5 1 1 1 1 1 1 1 1 0 1 1 1 0 0 0 0 0 0 0 0 1 1 0 0 0 0 0 0 0 0 0 0 1 1 1 0 0 1 0 1 1 1 1 1 1 0 0 0 1 1 0 0 0 1 1 0
30 7 1 1 1 1 1 1 1 0 1 1 1 1 0 0 0 0 1 1 0 0 0 0 0 1 1 1 0 0 0 0 1 0 1 1 0 1 1 1 1 1 0 1 0 1 1 0 0 0 1 1 0 0 0 1 1 0
30 8 1 1 1 1 1 1 1 1 1 1 1 1 0 0 0 0 0 0 0 0 0 0 1 0 0 0 0 0 0 0 0 0 1 1 1 1 1 1 1 1 1 1 1 0 1 0 0 0 1 1 0 0 0 1 1 0
30 9 1 1 1 1 1 1 1 1 1 1 1 1 0 1 0 0 0 0 0 0 0 0 0 0 0 0 0 0 0 0 0 0 1 1 1 1 1 1 1 1 1 1 0 1 1 0 0 0 1 1 0 0 0 1 1 1
30 10 1 1 1 1 1 1 1 1 1 1 1 1 0 1 0 0 1 1 0 0 0 1 1 1 1 1 0 1 1 1 0 0 1 1 1 1 1 1 0 1 1 0 1 0 1 1 1 0 0 1 1 0 0 1 1 0
30 11 1 1 1 1 1 1 1 1 1 1 1 1 0 0 0 0 0 1 0 0 0 1 1 1 1 1 1 1 1 1 1 0 1 1 1 1 1 1 1 0 1 1 1 1 1 0 0 0 1 1 0 0 0 1 1 0
30 12 1 1 1 1 1 1 1 1 1 1 1 1 0 0 0 0 0 0 1 1 1 1 1 1 0 1 1 1 1 1 0 1 1 0 1 1 0 1 0 0 1 1 1 1 1 0 0 0 1 1 0 0 0 1 1 0
30 13 1 1 0 1 1 1 1 1 1 1 1 1 0 0 0 0 0 0 0 0 0 0 1 0 0 0 1 0 0 0 1 1 0 1 1 1 1 1 0 1 1 1 1 1 1 0 0 0 1 1 0 0 0 1 1 0
30 14 1 1 1 1 1 1 1 1 1 1 1 1 0 0 0 0 0 0 0 0 1 1 1 1 0 1 0 0 1 0 1 1 1 0 1 1 1 1 1 1 1 1 1 1 1 0 0 0 1 1 0 0 0 1 1 0
31 2 1 1 1 1 1 1 1 1 1 1 1 1 0 0 0 0 0 0 0 0 0 0 0 0 1 0 0 0 1 0 0 0 0 0 1 1 0 1 0 0 1 0 1 1 0 0 0 0 1 0 0 1 0 1 0 0
31 3 1 1 1 1 1 1 1 1 1 1 1 1 0 0 0 0 0 0 0 0 0 0 0 0 1 0 0 1 0 0 0 1 1 1 1 1 0 1 1 1 1 0 1 1 0 0 0 0 0 0 0 1 1 1 0 0
31 4 1 1 1 1 1 0 1 0 0 1 1 1 0 0 0 0 0 0 -99 -99 0 0 0 0 0 1 0 0 1 1 0 1 1 1 0 1 1 1 1 1 1 1 0 0 -99 -99 -99 -99 -99 -99 -99 -99 -99 -99 -99 -99
31 5 1 -99 -99 -99 -99 -99 -99 -99 -99 -99 -99 -99 0 0 -99 -99 0 0 0 0 0 0 -99 -99 -99 -99 -99 -99 -99 -99 -99 -99 1 1 1 1 1 0 0 1 1 1 1 1 0 0 0 0 0 0 0 0 1 0 0 0
31 7 0 1 1 1 1 0 1 1 1 1 1 1 0 1 0 0 0 0 -99 -99 1 0 0 1 1 0 0 0 0 1 0 0 0 0 1 0 1 1 1 1 1 1 1 1 -99 -99 -99 -99 -99 -99 -99 -99 1 1 0 -99
31 8 1 1 1 0 1 1 1 1 1 1 0 1 0 0 0 0 0 1 0 0 0 0 0 1 0 0 1 0 0 0 0 1 1 1 1 1 1 1 1 1 1 1 1 0 0 0 0 1 0 0 0 1 1 0 0 0
31 9 1 1 1 1 0 1 1 1 1 1 1 1 1 0 0 0 0 1 0 0 0 0 0 0 0 0 0 0 0 0 0 0 1 1 1 0 0 0 1 1 1 1 1 1 0 0 0 1 0 0 0 1 0 0 0 0
31 10 1 1 1 1 1 1 1 1 1 1 1 1 0 0 0 0 0 0 0 0 0 0 0 0 1 0 0 1 0 0 0 0 1 1 1 1 1 1 1 1 1 1 1 1 0 0 1 1 0 0 1 1 1 0 0 0
31 11 1 1 0 1 1 1 1 1 1 1 1 1 0 0 0 0 0 0 0 0 0 0 0 0 1 1 0 0 0 1 0 0 0 1 0 0 1 1 1 1 1 1 1 1 0 1 1 0 0 0 0 1 1 0 0 1
31 12 1 1 1 1 0 0 1 1 1 -99 -99 -99 0 0 -99 -99 1 0 0 0 1 0 0 0 1 1 0 0 1 -99 -99 -99 1 1 1 1 1 1 0 1 1 1 1 1 0 0 0 1 0 0 0 1 1 0 0 0
31 13 1 1 0 1 1 0 1 1 1 1 0 1 1 1 0 0 1 0 -99 -99 0 0 0 0 0 0 0 0 1 1 0 0 1 1 1 1 1 1 1 0 1 1 1 1 -99 -99 -99 -99 -99 -99 -99 -99 -99 -99 -99 -99
31 14 1 1 1 1 1 1 1 -99 -99 -99 -99 -99 0 1 -99 -99 0 0 -99 -99 1 0 0 0 1 1 -99 -99 -99 -99 -99 -99 1 0 0 1 1 1 0 1 1 1 1 1 0 0 0 -99 -99 -99 -99 -99 1 0 0 0
32 1 1 0 1 1 1 1 0 0 1 1 0 1 1 1 1 1 1 1 1 1 1 1 0 1 1 1 1 0 0 0 1 1 1 1 1 0 0 0 1 1 1 0 1 1 1 0 1 0 1 0 0 0 1 0 0 1
32 2 1 1 1 1 1 1 1 1 1 1 1 0 1 1 1 1 1 1 1 1 0 0 1 1 0 0 1 1 0 0 0 0 1 0 1 0 1 1 1 1 1 1 1 1 0 0 0 1 0 0 0 1 1 0 0 0
32 3 1 1 0 1 1 0 1 1 1 1 1 1 1 1 1 1 1 1 1 1 1 1 1 0 1 1 0 1 0 1 0 1 0 1 1 1 0 1 1 0 0 1 0 1 0 0 0 1 0 0 0 1 1 1 0 0
32 4 1 1 1 1 0 1 1 1 1 1 1 1 1 1 1 1 1 0 1 1 0 0 1 1 1 0 0 0 1 0 1 1 1 1 0 1 1 1 1 0 1 0 1 1 0 0 0 1 0 0 0 1 1 0 0 1
32 5 1 1 1 1 1 1 1 1 1 1 1 1 1 1 1 1 1 1 1 1 0 0 1 1 0 0 1 0 0 0 1 0 1 0 1 0 1 1 0 0 1 0 1 1 0 0 0 1 0 0 0 1 1 0 0 1
32 6 1 1 0 1 1 1 0 1 1 0 1 0 1 1 1 1 1 1 1 1 0 1 1 1 0 1 1 1 1 0 0 0 1 1 1 1 1 1 1 1 1 1 1 1 0 0 0 1 0 0 0 1 1 1 0 1
32 7 0 0 0 1 0 1 1 1 0 0 1 1 1 1 1 1 1 1 1 1 1 0 1 1 0 1 1 1 0 1 0 0 0 1 1 1 0 1 1 1 1 0 1 0 0 0 0 1 0 0 0 1 1 1 0 1
32 8 0 0 1 1 0 1 0 0 -99 -99 -99 -99 1 1 -99 -99 -99 -99 -99 -99 1 0 0 0 0 1 0 -99 -99 -99 -99 -99 -99 -99 -99 -99 -99 -99 -99 -99 -99 -99 -99 -99 -99 -99 -99 -99 -99 -99 -99 -99 -99 -99 -99 -99
32 9 1 1 1 1 0 1 1 1 1 0 1 1 1 1 1 1 1 1 1 1 1 1 1 1 1 1 0 1 1 1 1 1 1 1 1 1 0 0 1 0 1 1 1 1 0 1 0 1 0 0 0 1 1 0 0 1
32 10 0 1 0 0 1 1 1 1 1 0 1 0 1 1 1 1 1 1 1 1 1 0 1 0 0 1 0 0 1 0 0 0 1 0 1 1 1 1 1 0 0 1 1 1 0 0 0 1 0 0 1 1 1 0 0 1
32 11 0 1 1 1 1 1 0 1 1 1 1 1 1 1 1 1 0 1 1 1 1 0 0 0 0 1 0 0 0 1 1 1 1 1 1 1 1 1 1 0 1 0 1 0 0 1 0 1 0 0 0 1 1 0 0 0
32 12 1 1 1 1 1 0 1 1 1 1 1 1 1 1 1 1 1 1 1 1 0 1 0 1 1 0 0 0 0 1 0 1 1 1 1 0 1 1 0 1 1 1 1 1 0 0 0 1 0 0 1 1 1 0 0 1
32 13 1 1 0 1 1 1 0 1 1 1 1 1 1 1 1 1 1 1 1 0 1 0 1 1 1 1 0 1 1 1 1 0 1 1 1 1 1 0 1 1 1 1 0 1 0 0 0 1 0 0 0 1 1 0 0 1
32 14 1 1 1 1 0 1 1 1 0 0 1 1 1 1 1 0 1 1 1 1 1 1 1 0 0 1 0 1 1 1 1 0 1 1 1 1 0 1 1 1 1 0 1 0 0 0 0 1 0 0 0 1 1 1 0 1
33 1 1 0 1 0 0 0 0 0 1 0 0 0 0 0 0 0 -99 -99 -99 -99 0 1 0 0 0 1 1 1 1 0 0 1 -99 -99 -99 -99 -99 -99 -99 -99 -99 -99 -99 -99 -99 -99 -99 -99 -99 -99 -99 -99 -99 -99 -99 -99
33 2 0 0 1 0 0 0 0 0 0 0 0 0 0 0 0 0 0 0 0 0 1 1 1 0 0 1 1 1 1 1 1 0 0 1 1 1 1 1 1 1 0 1 0 0 0 0 0 0 0 1 0 0 1 1 1 1
33 3 1 0 0 0 0 0 0 0 0 1 0 1 0 0 0 0 -99 -99 -99 -99 0 1 1 1 1 1 1 1 1 1 1 0 -99 -99 -99 -99 -99 -99 -99 -99 -99 -99 -99 -99 -99 -99 -99 -99 -99 -99 -99 -99 -99 -99 -99 -99
33 5 0 0 1 1 0 1 0 0 0 1 0 0 0 0 0 0 0 0 -99 -99 1 1 0 1 1 1 1 1 0 1 1 0 0 -99 -99 -99 -99 -99 -99 -99 -99 -99 -99 -99 -99 -99 -99 -99 -99 -99 -99 -99 -99 -99 -99 -99
33 6 1 0 1 0 0 0 0 0 1 1 0 0 0 0 0 0 0 0 0 0 0 1 0 0 1 0 0 1 1 1 1 0 1 1 1 1 1 1 0 1 1 0 1 1 0 0 0 0 0 0 0 1 1 1 0 1
33 7 0 -99 -99 -99 -99 -99 -99 -99 -99 -99 -99 -99 0 0 -99 -99 0 0 -99 -99 0 1 -99 -99 -99 -99 -99 -99 -99 -99 -99 -99 -99 -99 -99 -99 -99 -99 -99 -99 -99 -99 -99 -99 -99 -99 -99 -99 -99 -99 -99 -99 -99 -99 -99 -99
33 8 0 0 -99 -99 -99 -99 -99 -99 -99 -99 -99 -99 0 0 -99 -99 -99 -99 -99 -99 0 0 0 -99 -99 -99 -99 -99 -99 -99 -99 -99 -99 -99 -99 -99 -99 -99 -99 -99 -99 -99 -99 -99 -99 -99 -99 -99 -99 -99 -99 -99 -99 -99 -99 -99
33 10 -99 -99 -99 -99 -99 -99 -99 -99 -99 -99 -99 -99 0 0 -99 -99 0 0 -99 -99 -99 -99 -99 -99 -99 -99 -99 -99 -99 -99 -99 -99 -99 -99 -99 -99 -99 -99 -99 -99 -99 -99 -99 -99 -99 -99 -99 -99 -99 -99 -99 -99 -99 -99 -99 -99
33 11 0 0 0 0 0 0 0 0 0 1 1 1 0 0 0 0 0 0 0 0 1 0 0 0 1 1 1 1 1 1 1 0 1 1 0 1 0 1 1 1 1 0 1 1 0 0 0 0 0 0 0 0 0 1 0 0
33 12 1 1 0 1 0 0 1 0 0 0 0 1 0 0 0 0 0 0 0 0 0 1 0 1 1 1 0 0 1 1 0 0 1 1 1 1 1 1 0 0 1 0 1 1 0 0 0 0 0 1 0 0 1 1 1 0
33 13 0 1 0 0 0 0 0 0 0 0 0 0 0 0 0 0 1 1 -99 -99 1 0 1 0 1 1 1 1 1 1 1 0 0 -99 -99 -99 -99 -99 -99 -99 -99 -99 -99 -99 -99 -99 -99 -99 -99 -99 -99 -99 -99 -99 -99 -99
33 14 0 0 1 0 1 0 0 0 1 1 0 1 0 0 0 0 0 0 -99 -99 1 0 0 0 1 1 0 1 1 1 0 1 -99 -99 -99 -99 -99 -99 -99 -99 -99 -99 -99 -99 -99 -99 -99 -99 -99 -99 -99 -99 -99 -99 -99 -99
34 1 1 1 1 1 1 1 1 1 1 1 1 1 1 1 1 1 1 1 1 1 1 1 1 1 1 1 1 1 0 1 1 1 1 1 0 0 0 0 1 1 1 1 1 1 1 0 0 0 1 1 0 0 0 1 1 0
34 2 1 1 1 1 1 1 1 1 1 1 1 1 1 1 1 0 0 1 0 1 1 1 1 1 1 1 1 1 1 1 1 1 1 1 0 0 0 0 1 1 1 1 1 1 1 0 0 0 1 1 0 0 0 1 1 0
34 3 0 1 0 1 1 1 1 1 1 1 1 1 1 1 0 0 1 0 0 1 1 1 1 1 1 1 1 1 1 1 1 1 1 0 1 1 1 1 1 1 1 1 1 0 1 0 0 0 1 1 0 0 0 1 1 0
34 4 1 1 1 1 1 1 1 1 1 1 1 1 1 1 0 1 1 0 1 0 0 1 1 1 1 1 1 1 1 1 1 1 1 1 1 1 1 1 1 1 1 1 0 1 1 0 0 0 1 1 0 0 0 1 1 0
34 5 1 1 1 1 1 1 1 1 1 1 1 1 1 1 1 1 1 1 0 0 1 1 1 1 1 1 1 1 1 1 1 1 0 1 1 1 1 1 1 1 1 1 1 1 1 0 0 0 1 1 0 0 0 1 1 0
34 6 1 1 1 1 1 1 1 1 1 1 1 1 1 1 1 1 1 1 1 0 1 1 1 1 1 1 1 1 1 1 1 1 1 1 1 1 1 1 1 1 1 1 1 1 1 0 0 0 1 1 0 0 0 1 1 0
34 7 1 1 1 1 1 1 1 1 1 1 1 1 0 0 0 1 1 0 0 0 1 1 1 1 1 1 1 1 1 1 1 1 1 1 1 1 0 1 1 1 1 1 1 1 1 0 0 0 1 1 0 0 0 1 1 0
34 8 1 1 1 1 1 1 1 1 1 1 1 1 0 1 1 1 -99 -99 -99 -99 1 1 1 1 1 1 1 1 1 1 1 1 -99 -99 -99 -99 -99 -99 -99 -99 -99 -99 -99 -99 -99 -99 -99 -99 -99 -99 -99 -99 -99 -99 -99 -99
34 9 1 1 1 1 -99 -99 -99 -99 -99 -99 -99 -99 0 1 -99 -99 1 0 1 1 1 1 1 1 -99 -99 -99 -99 -99 -99 -99 -99 1 1 1 1 1 1 1 1 1 1 1 1 1 0 0 0 1 1 0 0 0 1 1 0
34 10 1 1 1 1 1 1 1 1 1 1 1 1 1 1 0 1 0 1 0 0 1 1 1 1 1 1 1 1 1 1 1 1 1 1 1 1 1 1 1 1 1 1 1 1 1 0 0 0 1 1 0 0 0 1 1 0
34 12 1 1 1 1 1 1 1 1 1 1 1 1 0 0 0 0 0 1 0 0 1 1 1 1 1 1 1 1 1 1 1 1 1 1 1 1 1 1 1 0 1 1 1 1 1 0 0 0 1 1 0 0 0 1 1 0
34 13 1 1 0 0 1 0 1 1 1 1 1 1 0 0 1 0 1 1 0 1 1 1 1 1 1 0 1 1 1 1 1 1 1 0 1 0 1 1 1 1 1 1 1 1 1 0 0 0 1 1 0 0 0 1 1 0
34 14 1 1 1 1 1 1 1 1 1 1 1 1 1 1 1 1 1 1 1 0 1 1 1 1 1 1 1 1 1 1 1 1 0 1 1 1 1 0 1 1 1 1 1 1 1 0 0 0 1 1 0 0 0 1 1 0
35 1 1 1 0 1 0 0 1 1 1 1 0 1 1 1 1 1 -99 -99 -99 -99 1 0 0 0 0 0 0 0 1 1 1 0 -99 -99 -99 -99 -99 -99 -99 -99 -99 -99 -99 -99 -99 -99 -99 -99 -99 -99 -99 -99 -99 -99 -99 -99
35 2 1 1 0 1 0 0 1 0 0 1 0 1 0 1 0 0 -99 -99 -99 -99 1 0 0 0 1 1 0 0 1 1 0 0 -99 -99 -99 -99 -99 -99 -99 -99 -99 -99 -99 -99 -99 -99 -99 -99 -99 -99 -99 -99 -99 -99 -99 -99
35 3 1 1 0 1 0 0 1 0 0 1 0 1 1 0 0 0 -99 -99 -99 -99 1 0 0 0 1 1 0 1 1 1 0 0 -99 -99 -99 -99 -99 -99 -99 -99 -99 -99 -99 -99 -99 -99 -99 -99 -99 -99 -99 -99 -99 -99 -99 -99
35 4 1 1 0 1 0 0 1 0 0 1 0 1 1 1 1 0 0 0 -99 -99 1 0 0 0 1 1 0 1 1 1 0 0 0 0 1 0 1 0 0 -99 -99 -99 -99 -99 -99 -99 -99 -99 -99 -99 -99 -99 -99 -99 -99 -99
35 5 1 1 0 1 0 0 1 0 0 1 0 1 0 0 0 1 0 0 0 0 1 0 0 0 0 1 0 1 1 1 0 1 0 0 1 0 1 0 0 1 1 0 1 1 0 0 0 1 0 1 0 1 0 1 0 0
35 6 1 1 0 1 0 0 1 0 0 1 0 1 0 0 0 0 0 1 0 0 1 0 0 0 0 1 0 1 1 1 0 0 0 0 1 0 1 0 0 1 1 0 1 1 0 0 0 1 0 1 0 1 0 1 0 0
35 7 1 1 0 1 0 0 1 0 0 1 0 1 1 1 0 0 0 0 0 0 1 0 0 0 1 1 0 1 1 1 0 0 0 0 1 0 1 0 0 1 1 0 1 1 0 0 0 1 0 1 0 1 0 1 0 0
35 8 1 1 0 1 0 0 1 0 0 1 0 1 0 0 0 0 -99 -99 -99 -99 1 0 0 0 1 1 0 1 1 1 0 0 -99 -99 -99 -99 -99 -99 -99 -99 -99 -99 -99 -99 -99 -99 -99 -99 -99 -99 -99 -99 -99 -99 -99 -99
35 9 1 1 0 1 0 0 1 0 0 1 1 1 0 0 0 0 0 0 0 0 1 0 0 0 1 1 0 1 1 1 0 0 0 0 1 0 1 0 0 1 1 1 1 1 0 0 0 1 0 1 0 1 0 1 0 0
35 10 1 1 0 1 0 0 1 0 0 1 0 1 1 1 0 0 0 1 0 0 1 0 0 0 1 1 0 1 1 1 0 0 0 0 1 0 1 0 0 1 1 0 1 1 1 0 0 1 0 1 0 1 0 1 0 0
35 11 1 1 0 1 0 0 1 0 0 1 0 1 0 1 1 0 0 0 0 0 1 0 0 0 1 1 0 1 1 1 0 0 0 0 1 0 1 0 0 1 1 0 1 1 0 0 0 1 1 1 0 0 0 1 0 0
35 12 1 1 0 1 0 0 1 0 0 1 0 1 1 0 1 0 1 0 1 0 1 0 0 0 1 1 0 1 1 1 0 0 0 0 1 0 1 0 0 1 1 0 0 0 0 0 0 1 0 0 0 1 0 1 1 0
35 13 1 1 0 1 0 0 1 0 0 1 0 1 0 0 0 0 1 0 1 0 0 0 0 0 1 1 0 1 1 1 0 0 0 0 1 0 1 0 0 1 1 0 1 1 0 0 0 1 0 1 0 1 0 1 0 0
35 14 1 1 0 1 0 0 1 0 0 1 0 1 0 0 0 0 0 0 0 0 1 0 0 0 1 1 0 1 1 1 0 0 0 0 1 0 1 1 1 1 1 0 1 1 0 0 0 1 0 1 0 1 0 1 0 0
36 13 1 0 0 0 1 1 0 1 1 0 1 0 1 0 0 0 0 0 0 0 1 0 1 1 0 0 1 0 0 0 1 1 1 1 1 0 1 0 0 1 0 0 1 1 0 0 0 0 0 0 0 1 1 0 0 0
36 14 0 1 0 1 0 0 1 0 0 1 0 0 1 1 0 1 0 0 0 0 0 1 0 0 1 1 0 1 1 1 1 1 1 0 1 0 1 1 0 1 1 1 1 1 1 1 0 0 0 0 0 0 1 0 1 1
37 1 1 0 1 1 1 1 0 1 1 0 1 1 0 1 0 0 1 1 0 0 0 1 1 1 0 0 1 1 1 1 1 1 1 0 1 1 1 1 1 1 1 0 1 1 1 1 0 0 0 0 0 0 1 1 1 0
37 2 0 1 1 1 1 0 0 1 0 0 1 1 1 1 1 0 0 0 0 0 0 1 1 1 0 0 0 0 1 1 1 0 1 1 1 1 1 1 1 0 1 1 1 1 0 1 0 0 0 0 1 0 1 1 1 1
37 4 1 0 0 0 1 1 0 1 1 0 1 1 0 0 1 1 0 0 1 0 0 1 1 0 0 1 1 1 0 0 1 1 1 1 1 1 1 1 1 0 1 1 1 1 0 0 0 0 0 0 0 0 1 1 1 0
37 5 1 1 1 0 1 1 0 1 1 1 1 0 0 1 0 0 1 0 0 0 0 1 0 0 0 0 1 0 0 1 1 1 1 1 1 0 1 0 1 1 1 1 0 0 0 0 0 0 1 1 0 0 1 1 1 1
37 6 1 1 1 1 1 1 0 1 1 0 1 1 0 0 0 0 1 0 0 1 0 1 1 1 0 0 0 0 0 0 1 1 1 1 1 1 1 1 1 1 0 1 1 1 0 0 0 0 1 0 0 0 1 1 0 0
37 7 0 1 1 0 1 1 0 1 1 0 1 0 1 0 1 1 0 1 0 0 0 1 1 1 0 0 0 0 0 0 1 1 1 1 1 1 1 1 1 1 1 1 1 1 0 0 0 0 1 0 0 1 1 1 1 1
37 8 1 0 1 0 1 1 0 1 1 0 1 1 1 1 0 0 -99 -99 -99 -99 0 1 1 0 0 0 1 1 0 0 1 1 -99 -99 -99 -99 -99 -99 -99 -99 -99 -99 -99 -99 -99 -99 -99 -99 -99 -99 -99 -99 -99 -99 -99 -99
37 9 0 1 1 0 1 1 0 1 0 1 0 0 1 0 0 0 1 0 0 1 0 1 1 0 0 0 0 0 0 0 0 1 1 1 1 1 1 1 1 1 1 1 1 1 0 0 0 0 0 0 0 0 1 1 1 1
37 10 1 1 0 1 1 1 0 1 1 0 1 0 1 0 0 0 1 0 1 0 0 0 1 1 0 0 0 0 0 1 1 1 1 1 1 1 1 1 1 1 0 1 1 1 0 0 0 0 1 0 0 0 1 1 1 1
37 11 0 1 1 0 1 1 0 0 1 0 1 0 0 1 0 0 0 0 0 0 0 1 1 1 0 0 1 0 1 0 1 1 1 0 1 1 1 1 1 1 0 1 0 1 0 0 0 0 1 1 0 0 0 1 1 1
37 12 0 0 0 1 1 1 0 1 0 0 1 1 1 1 0 1 1 0 0 0 0 1 0 1 0 0 0 0 0 0 1 1 1 1 1 1 1 0 1 0 1 1 0 1 0 0 0 0 1 1 0 0 1 1 1 1
37 13 0 1 1 0 1 0 0 1 1 0 0 1 0 0 0 0 0 1 0 0 0 1 0 0 0 1 1 1 1 0 1 1 1 1 1 1 1 1 1 1 1 1 1 1 1 0 0 0 1 0 1 0 0 1 1 1
37 14 0 1 1 1 0 1 0 0 1 0 1 1 1 1 0 0 1 1 0 0 0 1 1 1 1 0 1 1 1 1 1 1 1 1 1 1 1 1 1 0 1 1 1 0 1 0 0 0 1 1 0 0 0 1 1 0
38 1 1 0 1 1 0 0 1 0 0 1 1 1 1 0 1 0 1 0 1 1 1 1 1 1 0 1 1 1 1 0 0 1 1 1 1 1 0 1 1 0 1 1 0 0 0 1 0 0 0 0 1 0 1 0 0 1
38 2 0 0 1 1 1 1 0 1 1 1 1 1 0 0 0 1 0 0 0 0 0 1 1 1 0 0 0 0 0 0 0 0 1 1 0 1 0 1 1 0 0 1 0 0 0 0 1 0 1 0 0 1 1 0 0 1
38 3 0 0 1 1 1 1 1 1 1 0 1 0 0 0 0 0 0 0 0 0 0 0 1 0 0 0 0 0 0 0 0 0 1 1 0 1 1 1 1 0 0 1 0 0 1 0 0 0 1 0 0 0 1 0 1 0
38 4 1 1 1 1 1 1 1 1 1 1 1 1 1 0 1 0 -99 -99 -99 -99 0 0 0 0 0 0 0 0 0 1 0 0 -99 -99 -99 -99 -99 -99 -99 -99 -99 -99 -99 -99 -99 -99 -99 -99 -99 -99 -99 -99 -99 -99 -99 -99
38 5 1 1 1 1 1 1 1 1 1 1 1 1 0 0 0 0 0 0 0 0 0 0 0 0 0 0 0 0 0 0 1 0 1 1 0 1 0 1 1 0 0 1 0 0 1 0 0 0 1 1 0 0 0 1 1 0
38 6 1 1 1 1 1 1 1 1 1 1 1 1 0 0 0 0 0 0 0 0 0 0 0 0 0 0 0 0 0 0 0 0 1 1 0 1 0 0 1 0 0 1 0 -99 1 0 0 0 1 1 0 0 0 1 1 0
38 7 1 1 1 1 1 1 1 1 0 1 1 1 0 0 1 0 1 0 0 0 0 0 1 1 0 1 0 0 0 0 0 1 1 0 0 0 0 1 1 0 1 0 1 0 0 0 0 0 1 1 0 0 0 1 1 0
38 8 1 1 0 1 1 0 1 1 1 1 1 1 0 0 0 0 0 0 0 0 0 1 1 0 0 0 0 0 1 1 1 1 1 0 1 1 1 0 0 1 1 0 1 1 1 0 0 1 1 1 0 0 0 1 1 0
38 9 1 0 1 1 1 1 1 0 1 0 0 1 -99 -99 0 0 0 1 0 0 0 0 0 0 0 0 1 1 1 0 1 0 1 0 1 1 1 1 0 1 0 0 0 1 1 0 0 0 1 1 0 0 0 1 1 0
38 10 1 0 1 1 1 0 1 0 1 0 1 0 0 0 0 0 0 0 0 0 0 1 0 1 1 0 0 0 1 1 0 0 0 0 1 0 1 1 1 1 1 1 0 1 1 0 1 0 1 1 0 0 0 1 1 0
38 11 1 1 0 0 1 0 1 1 1 0 0 0 0 0 0 0 0 0 0 0 0 1 1 0 0 0 0 0 1 0 1 0 0 1 0 1 1 1 1 1 1 1 1 1 1 0 1 1 1 1 0 0 0 1 1 0
38 12 0 0 1 1 1 0 1 1 0 1 1 0 0 0 1 1 0 0 0 0 1 0 0 1 1 1 0 0 0 1 0 0 1 0 0 1 1 1 1 0 1 1 1 1 1 0 1 0 1 1 0 0 0 1 1 0
38 13 1 1 0 1 1 0 0 1 1 1 1 1 0 0 0 0 0 0 0 0 0 1 1 1 1 0 0 0 0 1 1 1 1 0 1 1 1 0 0 1 1 1 1 1 1 0 1 1 1 1 0 0 0 1 1 0
38 14 1 1 1 1 1 1 0 1 1 0 1 1 0 0 0 0 0 0 0 0 0 1 1 1 1 0 0 0 1 1 1 1 1 0 1 1 1 1 1 0 1 1 0 0 1 0 1 1 1 1 0 1 0 1 1 0
39 2 0 1 0 0 0 1 0 1 1 0 0 1 0 0 0 1 1 1 1 1 1 1 1 0 0 1 1 1 1 0 1 1 0 0 1 1 1 1 1 1 1 1 1 1 0 0 0 0 0 1 1 1 1 1 0 1
39 3 0 0 0 1 1 0 1 1 0 1 1 0 1 1 0 1 1 0 0 0 1 0 1 1 1 0 0 0 0 1 0 0 1 1 1 1 1 1 0 1 1 1 1 1 0 0 0 1 0 1 1 0 0 1 0 0
39 4 0 0 0 1 0 1 1 1 0 0 0 1 0 0 0 0 0 0 0 0 1 0 1 1 1 1 0 0 1 1 1 1 0 0 1 1 1 1 1 1 1 0 1 1 0 0 0 0 0 1 1 0 0 1 0 0
39 5 1 0 1 1 1 0 0 0 1 1 1 1 0 0 1 0 0 1 0 0 1 0 0 1 1 1 0 1 1 1 1 1 1 1 1 1 1 0 1 1 1 1 1 1 0 0 0 1 0 1 0 1 0 1 1 0
39 6 0 1 1 1 1 0 1 1 0 0 0 1 0 0 0 0 0 0 0 0 1 0 1 1 1 1 0 0 1 1 1 1 1 1 1 1 1 1 1 1 1 1 1 1 0 0 0 0 0 0 0 1 0 1 0 0
39 7 0 0 1 1 1 0 0 1 0 0 0 0 0 0 0 0 0 0 0 0 1 0 0 1 1 1 0 0 0 0 0 0 1 1 1 1 1 1 0 1 1 1 1 1 0 0 0 0 0 0 0 1 0 1 0 0
39 8 1 1 1 1 0 0 1 0 1 1 1 1 0 0 0 0 0 0 0 0 1 1 1 1 0 1 1 1 1 0 1 0 1 1 1 0 1 0 1 1 1 1 1 1 0 0 0 0 0 1 0 1 0 1 0 1
39 9 0 0 0 0 0 0 0 0 0 0 0 1 0 0 0 0 0 0 0 1 1 0 0 0 1 1 1 1 1 1 1 0 1 1 1 1 1 0 0 1 1 0 1 1 0 0 0 1 0 1 0 1 0 1 0 0
39 10 0 1 0 1 0 1 0 0 1 1 1 1 0 1 0 0 0 1 0 0 1 1 1 1 1 1 1 1 1 1 0 1 0 1 1 1 1 1 1 1 1 1 1 1 0 0 0 1 0 1 0 1 1 1 0 0
39 11 0 1 0 0 1 0 0 0 1 1 1 0 1 0 0 0 0 0 1 0 1 0 1 0 1 1 0 1 1 1 1 0 0 1 1 1 1 0 1 1 1 1 1 1 0 0 0 1 0 1 0 1 0 1 0 0
39 12 0 1 0 1 1 0 0 0 0 1 1 1 0 0 1 0 0 0 0 0 1 0 1 1 1 1 0 1 1 1 1 1 0 0 1 1 1 1 0 1 1 1 1 1 0 0 0 1 0 0 0 1 0 1 0 0
39 13 0 1 0 1 1 0 0 0 0 0 0 1 0 0 1 0 1 0 0 0 1 0 1 1 1 1 0 1 1 1 1 1 1 1 1 1 1 1 0 1 1 1 1 1 0 1 0 1 0 1 0 1 0 1 1 1
39 14 0 1 0 0 1 0 0 0 0 0 1 0 0 0 0 0 0 0 1 0 1 0 1 1 1 1 1 1 1 1 1 1 1 1 1 1 1 1 1 1 1 1 0 1 0 0 0 1 0 1 0 1 0 1 0 0
40 5 0 0 1 0 1 0 0 1 -99 -99 -99 -99 0 0 -99 -99 0 0 -99 -99 0 1 1 1 0 0 -99 -99 -99 -99 -99 -99 1 1 0 1 0 0 1 0 1 1 1 1 0 0 0 0 1 0 0 0 1 1 1 1
40 6 0 0 -99 -99 -99 -99 -99 -99 -99 -99 -99 -99 0 0 -99 -99 -99 -99 -99 -99 0 1 0 -99 -99 -99 -99 -99 -99 -99 -99 -99 -99 -99 -99 -99 -99 -99 -99 -99 -99 -99 -99 -99 -99 -99 -99 -99 -99 -99 -99 -99 -99 -99 -99 -99
41 1 0 -99 -99 -99 -99 -99 -99 -99 -99 -99 -99 -99 1 0 1 1 1 0 1 0 1 1 -99 -99 -99 -99 -99 -99 -99 -99 -99 -99 0 0 1 1 1 1 1 0 1 1 1 1 0 0 0 0 0 0 1 0 1 1 1 0
41 2 1 0 1 0 1 1 0 1 0 0 1 1 0 1 1 1 1 0 1 1 0 0 1 1 0 0 1 0 0 0 1 1 0 1 0 0 1 0 1 1 0 1 0 1 0 0 0 0 0 0 1 0 1 1 0 1
41 3 1 1 1 0 1 1 1 0 1 1 1 0 1 1 1 1 0 0 1 0 1 0 0 1 1 0 1 0 0 0 1 1 1 1 1 1 1 1 0 1 0 1 1 0 0 0 0 0 0 0 0 0 1 1 1 0
41 4 0 0 1 0 1 1 0 1 1 1 1 0 0 1 0 1 1 0 0 0 0 1 1 1 0 0 1 0 0 0 1 0 0 1 1 1 1 1 1 1 1 1 1 1 0 0 0 0 0 0 0 0 1 1 0 0
41 5 1 1 1 1 1 1 1 1 1 1 1 1 0 0 1 1 1 0 0 0 0 0 1 0 1 0 1 0 0 0 0 1 1 0 0 0 1 1 1 1 1 1 1 1 1 0 0 0 1 0 1 0 1 1 1 1
41 7 1 0 1 1 1 1 1 1 1 1 1 1 1 0 1 1 0 1 1 1 0 1 1 0 0 0 1 0 0 0 0 0 1 1 1 1 1 1 0 0 1 1 1 1 0 1 0 1 1 0 0 1 1 1 1 0
41 8 1 0 1 0 1 0 1 1 0 1 0 0 1 0 0 0 1 1 0 1 1 1 1 0 1 1 0 1 1 0 1 0 0 1 1 1 0 1 1 0 1 0 1 1 0 1 0 0 0 0 0 0 0 1 1 0
41 9 1 1 1 1 1 1 1 1 1 1 1 0 0 0 1 0 -99 -99 -99 -99 0 0 0 0 0 0 1 0 0 0 0 1 -99 -99 -99 -99 -99 -99 -99 -99 -99 -99 -99 -99 -99 -99 -99 -99 -99 -99 -99 -99 -99 -99 -99 -99
41 10 0 1 1 1 1 1 1 1 1 1 1 1 1 1 1 1 1 1 1 0 0 0 0 1 0 0 1 0 0 0 1 0 1 1 1 1 1 1 1 1 1 1 1 0 0 1 0 0 0 1 0 0 0 1 1 0
41 11 0 1 1 1 1 1 1 1 1 1 1 1 1 1 1 1 1 0 0 1 0 1 1 1 0 0 1 0 0 0 0 1 1 0 1 1 0 0 1 0 1 0 1 0 0 1 0 0 0 1 0 0 1 0 0 1
41 12 1 1 1 0 1 1 1 1 1 1 1 1 1 1 0 1 0 1 1 1 0 1 1 0 0 0 1 0 1 0 0 0 1 1 1 1 0 0 1 1 0 0 1 1 0 1 0 0 0 1 0 0 0 1 1 1
41 13 1 1 1 1 1 1 1 0 1 1 0 0 1 0 0 1 0 1 0 1 0 0 0 0 0 0 0 0 0 1 0 0 1 0 0 0 1 1 1 1 1 1 1 0 0 1 0 1 0 0 1 1 0 1 0 1
41 14 1 1 1 1 1 1 1 1 1 1 1 1 0 1 0 1 1 0 1 1 0 0 0 0 0 1 1 0 0 0 1 0 1 1 1 0 1 0 0 1 1 1 1 1 0 0 0 1 0 1 0 0 1 1 0 0
